1,1	0
1,100	1
1,101	1
1,103	1
1,112	1
1,113	1
1,119	1
1,121	1
1,122	1
1,125	1
1,126	1
1,127	1
1,128	1
1,136	1
1,138	1
1,139	1
1,141	1
1,143	1
1,146	1
1,155	2
1,168	1
1,170	1
1,172	1
1,178	1
1,181	1
1,183	1
1,184	1
1,186	1
1,190	1
1,196	1
1,207	1
1,209	1
1,222	1
1,226	1
1,228	1
1,230	1
1,236	1
1,237	1
1,238	1
1,239	1
1,240	1
1,241	1
1,243	1
1,244	1
1,246	1
1,250	1
1,254	1
1,258	1
1,261	1
1,267	1
1,273	1
1,288	1
1,29	1
1,304	1
1,316	1
1,32	1
1,324	1
1,327	1
1,329	1
1,333	2
1,339	1
1,34	1
1,345	1
1,347	1
1,348	1
1,350	1
1,354	1
1,356	1
1,365	1
1,370	1
1,383	2
1,387	1
1,389	1
1,391	1
1,399	1
1,40	1
1,409	1
1,415	1
1,417	1
1,420	1
1,433	1
1,454	1
1,455	1
1,456	1
1,458	1
1,466	1
1,469	1
1,470	1
1,472	1
1,473	1
1,476	1
1,478	1
1,48	1
1,481	1
1,487	1
1,491	1
1,492	1
1,495	1
1,497	1
1,498	1
1,6	1
1,68	1
1,75	1
1,80	1
1,83	1
1,84	1
1,86	1
1,89	1
1,94	1
1,98	1
1,99	1
100,1	1
100,100	0
100,101	1
100,103	1
100,119	1
100,121	1
100,122	1
100,125	1
100,126	1
100,127	1
100,128	1
100,136	1
100,138	1
100,139	1
100,141	1
100,143	1
100,146	1
100,155	1
100,168	1
100,170	1
100,172	1
100,178	1
100,181	1
100,184	1
100,186	1
100,190	1
100,196	1
100,209	1
100,222	1
100,226	1
100,230	1
100,236	1
100,237	1
100,238	1
100,243	1
100,244	1
100,246	1
100,250	1
100,254	1
100,258	1
100,261	1
100,267	1
100,273	1
100,288	1
100,29	1
100,304	1
100,316	1
100,32	1
100,324	1
100,327	1
100,329	1
100,333	1
100,339	1
100,348	1
100,350	1
100,354	1
100,356	1
100,365	1
100,370	1
100,383	1
100,391	1
100,399	1
100,40	1
100,409	1
100,415	1
100,417	1
100,420	1
100,433	1
100,454	1
100,455	1
100,458	1
100,469	1
100,470	1
100,472	1
100,473	1
100,48	1
100,487	1
100,491	1
100,492	1
100,497	1
100,68	1
100,75	1
100,80	1
100,83	1
100,84	1
100,86	1
100,98	1
100,99	1
101,1	1
101,100	1
101,101	0
101,102	1
101,103	1
101,119	1
101,121	1
101,122	1
101,125	1
101,126	1
101,127	1
101,128	1
101,136	1
101,138	1
101,139	1
101,141	1
101,143	1
101,146	1
101,155	1
101,168	1
101,170	1
101,172	1
101,178	1
101,181	1
101,184	1
101,186	1
101,190	1
101,196	1
101,209	1
101,222	1
101,226	1
101,230	1
101,236	1
101,237	1
101,238	1
101,243	1
101,244	1
101,246	1
101,250	1
101,254	1
101,258	1
101,261	1
101,267	1
101,273	1
101,288	1
101,29	1
101,304	1
101,316	1
101,32	1
101,321	1
101,324	1
101,327	1
101,329	1
101,333	1
101,339	1
101,348	1
101,350	1
101,354	1
101,356	1
101,365	1
101,370	1
101,383	1
101,391	1
101,399	1
101,40	1
101,404	1
101,409	1
101,415	1
101,417	1
101,420	1
101,433	1
101,454	1
101,455	1
101,458	1
101,469	1
101,470	1
101,472	1
101,473	1
101,48	1
101,482	1
101,487	1
101,491	1
101,492	1
101,497	1
101,68	1
101,75	1
101,80	1
101,83	1
101,84	1
101,86	1
101,98	1
101,99	1
102,101	1
102,102	0
102,108	1
102,139	1
102,196	1
102,201	1
102,223	1
102,226	1
102,230	1
102,280	1
102,298	1
102,3	1
102,310	1
102,320	1
102,321	1
102,330	1
102,339	1
102,34	1
102,355	1
102,357	1
102,365	1
102,366	1
102,371	1
102,385	1
102,404	1
102,406	1
102,427	1
102,482	1
102,490	1
102,5	1
102,62	1
102,77	1
102,79	1
103,1	1
103,100	1
103,101	1
103,103	0
103,119	1
103,121	1
103,122	1
103,125	1
103,126	1
103,127	1
103,128	1
103,136	1
103,138	1
103,139	1
103,141	1
103,143	1
103,146	1
103,155	1
103,168	1
103,170	1
103,172	1
103,178	1
103,181	1
103,184	1
103,186	1
103,190	1
103,196	1
103,209	1
103,222	1
103,226	1
103,230	1
103,236	1
103,237	1
103,238	1
103,243	1
103,244	1
103,246	1
103,250	1
103,254	1
103,258	1
103,261	1
103,267	1
103,273	1
103,288	1
103,29	1
103,304	1
103,316	1
103,32	1
103,324	1
103,327	1
103,329	1
103,333	1
103,339	1
103,348	1
103,350	1
103,354	1
103,356	1
103,365	1
103,370	1
103,383	1
103,391	1
103,399	1
103,40	1
103,409	1
103,415	1
103,417	1
103,420	1
103,433	1
103,454	1
103,455	1
103,458	1
103,469	1
103,470	1
103,472	1
103,473	1
103,48	1
103,487	1
103,491	1
103,492	1
103,497	1
103,68	1
103,75	1
103,80	1
103,83	1
103,84	1
103,86	1
103,98	1
103,99	1
108,102	1
108,108	0
108,139	1
108,196	1
108,201	1
108,223	1
108,226	1
108,230	1
108,280	1
108,298	1
108,3	1
108,310	1
108,320	1
108,330	1
108,339	1
108,34	1
108,355	1
108,357	1
108,365	1
108,366	1
108,371	1
108,385	1
108,406	1
108,427	1
108,490	1
108,5	1
108,62	1
108,77	1
108,79	1
112,1	1
112,112	0
112,113	1
112,155	1
112,183	1
112,207	1
112,228	1
112,239	1
112,240	1
112,241	1
112,333	1
112,34	1
112,345	1
112,347	1
112,383	1
112,387	1
112,389	1
112,456	1
112,466	1
112,476	1
112,478	1
112,481	1
112,495	1
112,498	1
112,6	1
112,89	1
112,94	1
113,1	1
113,112	1
113,113	0
113,155	1
113,183	1
113,207	1
113,228	1
113,239	1
113,240	1
113,241	1
113,333	1
113,34	1
113,345	1
113,347	1
113,383	1
113,387	1
113,389	1
113,456	1
113,466	1
113,476	1
113,478	1
113,481	1
113,495	1
113,498	1
113,6	1
113,89	1
113,94	1
119,1	1
119,100	1
119,101	1
119,103	1
119,119	0
119,121	1
119,122	1
119,125	1
119,126	1
119,127	1
119,128	1
119,136	1
119,138	1
119,139	1
119,141	1
119,143	1
119,146	1
119,155	1
119,168	1
119,170	1
119,172	1
119,178	1
119,181	1
119,184	1
119,186	1
119,190	1
119,196	1
119,209	1
119,222	1
119,226	1
119,230	1
119,236	1
119,237	1
119,238	1
119,243	1
119,244	1
119,246	1
119,250	1
119,254	1
119,258	1
119,261	1
119,267	1
119,273	1
119,288	1
119,29	1
119,304	1
119,316	1
119,32	1
119,324	1
119,327	1
119,329	1
119,333	1
119,339	1
119,348	1
119,350	1
119,354	1
119,356	1
119,365	1
119,370	1
119,383	1
119,391	1
119,399	1
119,40	1
119,409	1
119,415	1
119,417	1
119,420	1
119,433	1
119,454	1
119,455	1
119,458	1
119,469	1
119,470	1
119,472	1
119,473	1
119,48	1
119,487	1
119,491	1
119,492	1
119,497	1
119,68	1
119,75	1
119,80	1
119,83	1
119,84	1
119,86	1
119,98	1
119,99	1
121,1	1
121,100	1
121,101	1
121,103	1
121,119	1
121,121	0
121,122	1
121,125	1
121,126	1
121,127	1
121,128	1
121,136	1
121,138	1
121,139	1
121,141	1
121,143	1
121,146	1
121,155	1
121,168	1
121,170	1
121,172	1
121,178	1
121,181	1
121,184	1
121,186	1
121,190	1
121,196	1
121,209	1
121,222	1
121,226	1
121,230	1
121,236	1
121,237	1
121,238	1
121,243	1
121,244	1
121,246	1
121,250	1
121,254	1
121,258	1
121,261	1
121,267	1
121,273	1
121,288	1
121,29	1
121,304	1
121,316	1
121,32	1
121,324	1
121,327	1
121,329	1
121,333	1
121,339	1
121,348	1
121,350	1
121,354	1
121,356	1
121,365	1
121,370	1
121,383	1
121,391	1
121,399	1
121,40	1
121,409	1
121,415	1
121,417	1
121,420	1
121,433	1
121,454	1
121,455	1
121,458	1
121,469	1
121,470	1
121,472	1
121,473	1
121,48	1
121,487	1
121,491	1
121,492	1
121,497	1
121,68	1
121,75	1
121,80	1
121,83	1
121,84	1
121,86	1
121,98	1
121,99	1
122,1	1
122,100	1
122,101	1
122,103	1
122,119	1
122,121	1
122,122	0
122,125	1
122,126	1
122,127	1
122,128	1
122,136	1
122,138	1
122,139	1
122,141	1
122,143	1
122,146	1
122,155	1
122,168	1
122,170	1
122,172	1
122,178	1
122,181	1
122,184	1
122,186	1
122,190	1
122,196	1
122,209	1
122,222	1
122,226	1
122,230	1
122,236	1
122,237	1
122,238	1
122,243	1
122,244	1
122,246	1
122,250	1
122,254	1
122,258	1
122,261	1
122,267	1
122,273	1
122,288	1
122,29	1
122,304	1
122,316	1
122,32	1
122,324	1
122,327	1
122,329	1
122,333	1
122,339	1
122,348	1
122,350	1
122,354	1
122,356	1
122,365	1
122,370	1
122,383	1
122,391	1
122,399	1
122,40	1
122,409	1
122,415	1
122,417	1
122,420	1
122,433	1
122,454	1
122,455	1
122,458	1
122,469	1
122,470	1
122,472	1
122,473	1
122,48	1
122,487	1
122,491	1
122,492	1
122,497	1
122,68	1
122,75	1
122,80	1
122,83	1
122,84	1
122,86	1
122,98	1
122,99	1
125,1	1
125,100	1
125,101	1
125,103	1
125,119	1
125,121	1
125,122	1
125,125	0
125,126	1
125,127	1
125,128	1
125,136	1
125,138	1
125,139	1
125,141	1
125,143	1
125,146	1
125,155	1
125,168	1
125,170	1
125,172	1
125,178	1
125,181	1
125,184	1
125,186	1
125,190	1
125,196	1
125,209	1
125,222	1
125,226	1
125,230	1
125,236	1
125,237	1
125,238	1
125,243	1
125,244	1
125,246	1
125,250	1
125,254	1
125,258	1
125,261	1
125,267	1
125,273	1
125,288	1
125,29	1
125,304	1
125,316	1
125,32	1
125,324	1
125,327	1
125,329	1
125,333	1
125,339	1
125,348	1
125,350	1
125,354	1
125,356	1
125,365	1
125,370	1
125,383	1
125,391	1
125,399	1
125,40	1
125,409	1
125,415	1
125,417	1
125,420	1
125,433	1
125,454	1
125,455	1
125,458	1
125,469	1
125,470	1
125,472	1
125,473	1
125,48	1
125,487	1
125,491	1
125,492	1
125,497	1
125,68	1
125,75	1
125,80	1
125,83	1
125,84	1
125,86	1
125,98	1
125,99	1
126,1	1
126,100	1
126,101	1
126,103	1
126,119	1
126,121	1
126,122	1
126,125	1
126,126	0
126,127	1
126,128	1
126,136	1
126,138	1
126,139	1
126,141	1
126,143	1
126,146	1
126,155	1
126,168	1
126,170	1
126,172	1
126,178	1
126,181	1
126,184	1
126,186	1
126,190	1
126,196	1
126,209	1
126,222	1
126,226	1
126,230	1
126,236	1
126,237	1
126,238	1
126,243	1
126,244	1
126,246	1
126,250	1
126,254	1
126,258	1
126,261	1
126,267	1
126,273	1
126,288	1
126,29	1
126,304	1
126,316	1
126,32	1
126,324	1
126,327	1
126,329	1
126,333	1
126,339	1
126,348	1
126,350	1
126,354	1
126,356	1
126,365	1
126,370	1
126,383	1
126,391	1
126,399	1
126,40	1
126,409	1
126,415	1
126,417	1
126,420	1
126,433	1
126,454	1
126,455	1
126,458	1
126,469	1
126,470	1
126,472	1
126,473	1
126,48	1
126,487	1
126,491	1
126,492	1
126,497	1
126,68	1
126,75	1
126,80	1
126,83	1
126,84	1
126,86	1
126,98	1
126,99	1
127,1	1
127,100	1
127,101	1
127,103	1
127,119	1
127,121	1
127,122	1
127,125	1
127,126	1
127,127	0
127,128	1
127,136	1
127,138	1
127,139	1
127,141	1
127,143	1
127,146	1
127,155	1
127,168	1
127,170	1
127,172	1
127,178	1
127,181	1
127,184	1
127,186	1
127,190	1
127,196	1
127,209	1
127,222	1
127,226	1
127,230	1
127,236	1
127,237	1
127,238	1
127,243	1
127,244	1
127,246	1
127,250	1
127,254	1
127,258	1
127,261	1
127,267	1
127,273	1
127,288	1
127,29	1
127,304	1
127,316	1
127,32	1
127,324	1
127,327	1
127,329	1
127,333	1
127,339	1
127,348	1
127,350	1
127,354	1
127,356	1
127,365	1
127,370	1
127,383	1
127,391	1
127,399	1
127,40	1
127,409	1
127,415	1
127,417	1
127,420	1
127,433	1
127,454	1
127,455	1
127,458	1
127,469	1
127,470	1
127,472	1
127,473	1
127,48	1
127,487	1
127,491	1
127,492	1
127,497	1
127,68	1
127,75	1
127,80	1
127,83	1
127,84	1
127,86	1
127,98	1
127,99	1
128,1	1
128,100	1
128,101	1
128,103	1
128,119	1
128,121	1
128,122	1
128,125	1
128,126	1
128,127	1
128,128	0
128,136	1
128,138	1
128,139	1
128,141	1
128,143	1
128,146	1
128,155	1
128,168	1
128,170	1
128,172	1
128,178	1
128,181	1
128,184	1
128,186	1
128,190	1
128,196	1
128,209	1
128,222	1
128,226	1
128,230	1
128,236	1
128,237	1
128,238	1
128,243	1
128,244	1
128,246	1
128,250	1
128,254	1
128,258	1
128,261	1
128,267	1
128,273	1
128,288	1
128,29	1
128,304	1
128,316	1
128,32	1
128,324	1
128,327	1
128,329	1
128,333	1
128,339	1
128,348	1
128,350	1
128,354	1
128,356	1
128,365	1
128,370	1
128,383	1
128,391	1
128,399	1
128,40	1
128,409	1
128,415	1
128,417	1
128,420	1
128,433	1
128,454	1
128,455	1
128,458	1
128,469	1
128,470	1
128,472	1
128,473	1
128,48	1
128,487	1
128,491	1
128,492	1
128,497	1
128,68	1
128,75	1
128,80	1
128,83	1
128,84	1
128,86	1
128,98	1
128,99	1
136,1	1
136,100	1
136,101	1
136,103	1
136,119	1
136,121	1
136,122	1
136,125	1
136,126	1
136,127	1
136,128	1
136,136	0
136,138	1
136,139	1
136,141	1
136,143	1
136,146	1
136,155	1
136,168	1
136,170	1
136,172	1
136,178	1
136,181	1
136,184	1
136,186	1
136,190	1
136,196	1
136,209	1
136,222	1
136,226	1
136,230	1
136,236	1
136,237	1
136,238	1
136,243	1
136,244	1
136,246	1
136,250	1
136,254	1
136,258	1
136,261	1
136,267	1
136,273	1
136,288	1
136,29	1
136,304	1
136,316	1
136,32	1
136,324	1
136,327	1
136,329	1
136,333	1
136,339	1
136,348	1
136,350	1
136,354	1
136,356	1
136,365	1
136,370	1
136,383	1
136,391	1
136,399	1
136,40	1
136,409	1
136,415	1
136,417	1
136,420	1
136,433	1
136,454	1
136,455	1
136,458	1
136,469	1
136,470	1
136,472	1
136,473	1
136,48	1
136,487	1
136,491	1
136,492	1
136,497	1
136,68	1
136,75	1
136,80	1
136,83	1
136,84	1
136,86	1
136,98	1
136,99	1
138,1	1
138,100	1
138,101	1
138,103	1
138,119	1
138,121	1
138,122	1
138,125	1
138,126	1
138,127	1
138,128	1
138,136	1
138,138	0
138,139	1
138,141	1
138,143	1
138,146	1
138,155	1
138,168	1
138,170	1
138,172	1
138,178	1
138,181	1
138,184	1
138,186	1
138,190	1
138,196	1
138,209	1
138,222	1
138,226	1
138,230	1
138,236	1
138,237	1
138,238	1
138,243	1
138,244	1
138,246	1
138,250	1
138,254	1
138,258	1
138,261	1
138,267	1
138,273	1
138,288	1
138,29	1
138,304	1
138,316	1
138,32	1
138,324	1
138,327	1
138,329	1
138,333	1
138,339	1
138,348	1
138,350	1
138,354	1
138,356	1
138,365	1
138,370	1
138,383	1
138,391	1
138,399	1
138,40	1
138,409	1
138,415	1
138,417	1
138,420	1
138,433	1
138,454	1
138,455	1
138,458	1
138,469	1
138,470	1
138,472	1
138,473	1
138,48	1
138,487	1
138,491	1
138,492	1
138,497	1
138,68	1
138,75	1
138,80	1
138,83	1
138,84	1
138,86	1
138,98	1
138,99	1
139,1	1
139,100	1
139,101	1
139,102	1
139,103	1
139,108	1
139,119	1
139,121	1
139,122	1
139,125	1
139,126	1
139,127	1
139,128	1
139,136	1
139,138	1
139,139	0
139,141	1
139,143	1
139,146	1
139,155	1
139,168	1
139,170	1
139,172	1
139,178	1
139,181	1
139,184	1
139,186	1
139,190	1
139,196	2
139,201	1
139,209	1
139,222	1
139,223	1
139,226	2
139,230	2
139,236	1
139,237	1
139,238	1
139,243	1
139,244	1
139,246	1
139,250	1
139,254	1
139,258	1
139,261	1
139,267	1
139,273	1
139,280	1
139,288	1
139,29	1
139,298	1
139,3	1
139,304	1
139,310	1
139,316	1
139,32	1
139,320	1
139,324	1
139,327	1
139,329	1
139,330	1
139,333	1
139,339	2
139,34	1
139,348	1
139,350	1
139,354	1
139,355	1
139,356	1
139,357	1
139,365	2
139,366	1
139,370	1
139,371	1
139,383	1
139,385	1
139,391	1
139,399	1
139,40	1
139,406	1
139,409	1
139,415	1
139,417	1
139,420	1
139,427	1
139,433	1
139,454	1
139,455	1
139,458	1
139,469	1
139,470	1
139,472	1
139,473	1
139,48	1
139,487	1
139,490	1
139,491	1
139,492	1
139,497	1
139,5	1
139,62	1
139,68	1
139,75	1
139,77	1
139,79	1
139,80	1
139,83	1
139,84	1
139,86	1
139,98	1
139,99	1
141,1	1
141,100	1
141,101	1
141,103	1
141,119	1
141,121	1
141,122	1
141,125	1
141,126	1
141,127	1
141,128	1
141,136	1
141,138	1
141,139	1
141,141	0
141,143	1
141,146	1
141,155	1
141,168	1
141,170	1
141,172	1
141,178	1
141,181	1
141,184	1
141,186	1
141,190	1
141,196	1
141,209	1
141,222	1
141,226	1
141,230	1
141,236	1
141,237	1
141,238	1
141,243	1
141,244	1
141,246	1
141,250	1
141,254	1
141,258	1
141,261	1
141,267	1
141,273	1
141,288	1
141,29	1
141,304	1
141,316	1
141,32	1
141,324	1
141,327	1
141,329	1
141,333	1
141,339	1
141,348	1
141,350	1
141,354	1
141,356	1
141,365	1
141,370	1
141,383	1
141,391	1
141,399	1
141,40	1
141,409	1
141,415	1
141,417	1
141,420	1
141,433	1
141,454	1
141,455	1
141,458	1
141,469	1
141,470	1
141,472	1
141,473	1
141,48	1
141,487	1
141,491	1
141,492	1
141,497	1
141,68	1
141,75	1
141,80	1
141,83	1
141,84	1
141,86	1
141,98	1
141,99	1
143,1	1
143,100	1
143,101	1
143,103	1
143,119	1
143,121	1
143,122	1
143,125	1
143,126	1
143,127	1
143,128	1
143,136	1
143,138	1
143,139	1
143,141	1
143,143	0
143,146	1
143,155	1
143,168	1
143,170	1
143,172	1
143,178	1
143,181	1
143,184	1
143,186	1
143,190	1
143,196	1
143,209	1
143,222	1
143,226	1
143,230	1
143,236	1
143,237	1
143,238	1
143,243	1
143,244	1
143,246	1
143,250	1
143,254	1
143,258	1
143,261	1
143,267	1
143,273	1
143,288	1
143,29	1
143,304	1
143,316	1
143,32	1
143,324	1
143,327	1
143,329	1
143,333	1
143,339	1
143,348	1
143,350	1
143,354	1
143,356	1
143,365	1
143,370	1
143,383	1
143,391	1
143,399	1
143,40	1
143,409	1
143,415	1
143,417	1
143,420	1
143,433	1
143,454	1
143,455	1
143,458	1
143,469	1
143,470	1
143,472	1
143,473	1
143,48	1
143,487	1
143,491	1
143,492	1
143,497	1
143,68	1
143,75	1
143,80	1
143,83	1
143,84	1
143,86	1
143,98	1
143,99	1
146,1	1
146,100	1
146,101	1
146,103	1
146,119	1
146,121	1
146,122	1
146,125	1
146,126	1
146,127	1
146,128	1
146,136	1
146,138	1
146,139	1
146,141	1
146,143	1
146,146	0
146,155	1
146,168	1
146,170	1
146,172	1
146,178	1
146,181	1
146,184	1
146,186	1
146,190	1
146,196	1
146,209	1
146,222	1
146,226	1
146,230	1
146,236	1
146,237	1
146,238	1
146,243	1
146,244	1
146,246	1
146,250	1
146,254	1
146,258	1
146,261	1
146,267	1
146,273	1
146,288	1
146,29	1
146,304	1
146,316	1
146,32	1
146,324	1
146,327	1
146,329	1
146,333	1
146,339	1
146,348	1
146,350	1
146,354	1
146,356	1
146,365	1
146,370	1
146,383	1
146,391	1
146,399	1
146,40	1
146,409	1
146,415	1
146,417	1
146,420	1
146,433	1
146,454	1
146,455	1
146,458	1
146,469	1
146,470	1
146,472	1
146,473	1
146,48	1
146,487	1
146,491	1
146,492	1
146,497	1
146,68	1
146,75	1
146,80	1
146,83	1
146,84	1
146,86	1
146,98	1
146,99	1
153,153	0
153,221	1
153,227	1
153,242	1
153,256	1
153,270	1
153,357	1
153,37	1
153,478	1
153,69	1
155,1	2
155,100	1
155,101	1
155,103	1
155,112	1
155,113	1
155,119	1
155,121	1
155,122	1
155,125	1
155,126	1
155,127	1
155,128	1
155,136	1
155,138	1
155,139	1
155,141	1
155,143	1
155,146	1
155,155	0
155,168	1
155,170	1
155,172	1
155,178	1
155,181	1
155,183	1
155,184	1
155,186	1
155,190	1
155,196	1
155,207	1
155,209	1
155,222	1
155,226	1
155,228	1
155,230	1
155,236	1
155,237	1
155,238	1
155,239	1
155,240	1
155,241	1
155,243	1
155,244	1
155,246	1
155,250	1
155,254	1
155,258	1
155,261	1
155,267	1
155,273	1
155,288	1
155,29	1
155,304	1
155,316	1
155,32	1
155,324	1
155,327	1
155,329	1
155,333	2
155,339	1
155,34	1
155,345	1
155,347	1
155,348	1
155,350	1
155,354	1
155,356	1
155,365	1
155,370	1
155,383	2
155,387	1
155,389	1
155,391	1
155,399	1
155,40	1
155,409	1
155,415	1
155,417	1
155,420	1
155,433	1
155,454	1
155,455	1
155,456	1
155,458	1
155,466	1
155,469	1
155,470	1
155,472	1
155,473	1
155,476	1
155,478	1
155,48	1
155,481	1
155,487	1
155,491	1
155,492	1
155,495	1
155,497	1
155,498	1
155,6	1
155,68	1
155,75	1
155,80	1
155,83	1
155,84	1
155,86	1
155,89	1
155,94	1
155,98	1
155,99	1
168,1	1
168,100	1
168,101	1
168,103	1
168,119	1
168,121	1
168,122	1
168,125	1
168,126	1
168,127	1
168,128	1
168,136	1
168,138	1
168,139	1
168,141	1
168,143	1
168,146	1
168,155	1
168,168	0
168,170	1
168,172	1
168,178	1
168,181	1
168,184	1
168,186	1
168,190	1
168,196	1
168,209	1
168,222	1
168,226	1
168,230	1
168,236	1
168,237	1
168,238	1
168,243	1
168,244	1
168,246	1
168,250	1
168,254	1
168,258	1
168,261	1
168,267	1
168,273	1
168,288	1
168,29	1
168,304	1
168,316	1
168,32	1
168,324	1
168,327	1
168,329	1
168,333	1
168,339	1
168,348	1
168,350	1
168,354	1
168,356	1
168,365	1
168,370	1
168,383	1
168,391	1
168,399	1
168,40	1
168,409	1
168,415	1
168,417	1
168,420	1
168,433	1
168,454	1
168,455	1
168,458	1
168,469	1
168,470	1
168,472	1
168,473	1
168,48	1
168,487	1
168,491	1
168,492	1
168,497	1
168,68	1
168,75	1
168,80	1
168,83	1
168,84	1
168,86	1
168,98	1
168,99	1
170,1	1
170,100	1
170,101	1
170,103	1
170,119	1
170,121	1
170,122	1
170,125	1
170,126	1
170,127	1
170,128	1
170,136	1
170,138	1
170,139	1
170,141	1
170,143	1
170,146	1
170,155	1
170,168	1
170,170	0
170,172	1
170,178	1
170,181	1
170,184	1
170,186	1
170,190	1
170,196	1
170,209	1
170,222	1
170,226	1
170,230	1
170,236	1
170,237	1
170,238	1
170,243	1
170,244	1
170,246	1
170,250	1
170,254	1
170,258	1
170,261	1
170,267	1
170,273	1
170,288	1
170,29	1
170,304	1
170,316	1
170,32	1
170,324	1
170,327	1
170,329	1
170,333	1
170,339	1
170,348	1
170,350	1
170,354	1
170,356	1
170,365	1
170,370	1
170,383	1
170,391	1
170,399	1
170,40	1
170,409	1
170,415	1
170,417	1
170,420	1
170,433	1
170,454	1
170,455	1
170,458	1
170,469	1
170,470	1
170,472	1
170,473	1
170,48	1
170,487	1
170,491	1
170,492	1
170,497	1
170,68	1
170,75	1
170,80	1
170,83	1
170,84	1
170,86	1
170,98	1
170,99	1
172,1	1
172,100	1
172,101	1
172,103	1
172,119	1
172,121	1
172,122	1
172,125	1
172,126	1
172,127	1
172,128	1
172,136	1
172,138	1
172,139	1
172,141	1
172,143	1
172,146	1
172,155	1
172,168	1
172,170	1
172,172	0
172,178	1
172,181	1
172,184	1
172,186	1
172,190	1
172,196	1
172,209	1
172,222	1
172,226	1
172,230	1
172,236	1
172,237	1
172,238	1
172,243	1
172,244	1
172,246	1
172,250	1
172,254	1
172,258	1
172,261	1
172,267	1
172,273	1
172,288	1
172,29	1
172,304	1
172,316	1
172,32	1
172,324	1
172,327	1
172,329	1
172,333	1
172,339	1
172,348	1
172,350	1
172,354	1
172,356	1
172,365	1
172,370	1
172,383	1
172,391	1
172,399	1
172,40	1
172,409	1
172,415	1
172,417	1
172,420	1
172,433	1
172,454	1
172,455	1
172,458	1
172,469	1
172,470	1
172,472	1
172,473	1
172,48	1
172,487	1
172,491	1
172,492	1
172,497	1
172,68	1
172,75	1
172,80	1
172,83	1
172,84	1
172,86	1
172,98	1
172,99	1
178,1	1
178,100	1
178,101	1
178,103	1
178,119	1
178,121	1
178,122	1
178,125	1
178,126	1
178,127	1
178,128	1
178,136	1
178,138	1
178,139	1
178,141	1
178,143	1
178,146	1
178,155	1
178,168	1
178,170	1
178,172	1
178,178	0
178,181	1
178,184	1
178,186	1
178,190	1
178,196	1
178,209	1
178,222	1
178,226	1
178,230	1
178,236	1
178,237	1
178,238	1
178,243	1
178,244	1
178,246	1
178,250	1
178,254	1
178,258	1
178,261	1
178,267	1
178,273	1
178,288	1
178,29	1
178,304	1
178,316	1
178,32	1
178,324	1
178,327	1
178,329	1
178,333	1
178,339	1
178,348	1
178,350	1
178,354	1
178,356	1
178,365	1
178,370	1
178,383	1
178,391	1
178,399	1
178,40	1
178,409	1
178,415	1
178,417	1
178,420	1
178,433	1
178,454	1
178,455	1
178,458	1
178,469	1
178,470	1
178,472	1
178,473	1
178,48	1
178,487	1
178,491	1
178,492	1
178,497	1
178,68	1
178,75	1
178,80	1
178,83	1
178,84	1
178,86	1
178,98	1
178,99	1
181,1	1
181,100	1
181,101	1
181,103	1
181,119	1
181,121	1
181,122	1
181,125	1
181,126	1
181,127	1
181,128	1
181,136	1
181,138	1
181,139	1
181,141	1
181,143	1
181,146	1
181,155	1
181,168	1
181,170	1
181,172	1
181,178	1
181,181	0
181,184	1
181,186	1
181,190	1
181,196	1
181,209	1
181,222	1
181,226	1
181,230	1
181,236	1
181,237	1
181,238	1
181,243	1
181,244	1
181,246	1
181,250	1
181,254	1
181,258	1
181,261	1
181,267	1
181,273	1
181,288	1
181,29	1
181,304	1
181,316	1
181,32	1
181,324	1
181,327	1
181,329	1
181,333	1
181,339	1
181,348	1
181,350	1
181,354	1
181,356	1
181,365	1
181,370	1
181,383	1
181,391	1
181,399	1
181,40	1
181,409	1
181,415	1
181,417	1
181,420	1
181,433	1
181,454	1
181,455	1
181,458	1
181,469	1
181,470	1
181,472	1
181,473	1
181,48	1
181,487	1
181,491	1
181,492	1
181,497	1
181,68	1
181,75	1
181,80	1
181,83	1
181,84	1
181,86	1
181,98	1
181,99	1
183,1	1
183,112	1
183,113	1
183,155	1
183,183	0
183,207	1
183,228	1
183,239	1
183,240	1
183,241	1
183,333	1
183,34	1
183,345	1
183,347	1
183,383	1
183,387	1
183,389	1
183,456	1
183,466	1
183,476	1
183,478	1
183,481	1
183,495	1
183,498	1
183,6	1
183,89	1
183,94	1
184,1	1
184,100	1
184,101	1
184,103	1
184,119	1
184,121	1
184,122	1
184,125	1
184,126	1
184,127	1
184,128	1
184,136	1
184,138	1
184,139	1
184,141	1
184,143	1
184,146	1
184,155	1
184,168	1
184,170	1
184,172	1
184,178	1
184,181	1
184,184	0
184,186	1
184,190	1
184,196	1
184,209	1
184,222	1
184,226	1
184,230	1
184,236	1
184,237	1
184,238	1
184,243	1
184,244	1
184,246	1
184,250	1
184,254	1
184,258	1
184,261	1
184,267	1
184,273	1
184,288	1
184,29	1
184,304	1
184,316	1
184,32	1
184,324	1
184,327	1
184,329	1
184,333	1
184,339	1
184,348	1
184,350	1
184,354	1
184,356	1
184,365	1
184,370	1
184,383	1
184,391	1
184,399	1
184,40	1
184,409	1
184,415	1
184,417	1
184,420	1
184,433	1
184,454	1
184,455	1
184,458	1
184,469	1
184,470	1
184,472	1
184,473	1
184,48	1
184,487	1
184,491	1
184,492	1
184,497	1
184,68	1
184,75	1
184,80	1
184,83	1
184,84	1
184,86	1
184,98	1
184,99	1
186,1	1
186,100	1
186,101	1
186,103	1
186,119	1
186,121	1
186,122	1
186,125	1
186,126	1
186,127	1
186,128	1
186,136	1
186,138	1
186,139	1
186,141	1
186,143	1
186,146	1
186,155	1
186,168	1
186,170	1
186,172	1
186,178	1
186,181	1
186,184	1
186,186	0
186,190	1
186,196	1
186,209	1
186,222	1
186,226	1
186,230	1
186,236	1
186,237	1
186,238	1
186,243	1
186,244	1
186,246	1
186,250	1
186,254	1
186,258	1
186,261	1
186,267	1
186,273	1
186,288	1
186,29	1
186,304	1
186,316	1
186,32	1
186,324	1
186,327	1
186,329	1
186,333	1
186,339	1
186,348	1
186,350	1
186,354	1
186,356	1
186,365	1
186,370	1
186,383	1
186,391	1
186,399	1
186,40	1
186,409	1
186,415	1
186,417	1
186,420	1
186,433	1
186,454	1
186,455	1
186,458	1
186,469	1
186,470	1
186,472	1
186,473	1
186,48	1
186,487	1
186,491	1
186,492	1
186,497	1
186,68	1
186,75	1
186,80	1
186,83	1
186,84	1
186,86	1
186,98	1
186,99	1
190,1	1
190,100	1
190,101	1
190,103	1
190,119	1
190,121	1
190,122	1
190,125	1
190,126	1
190,127	1
190,128	1
190,136	1
190,138	1
190,139	1
190,141	1
190,143	1
190,146	1
190,155	1
190,168	1
190,170	1
190,172	1
190,178	1
190,181	1
190,184	1
190,186	1
190,190	0
190,196	1
190,209	1
190,222	1
190,226	1
190,230	1
190,236	1
190,237	1
190,238	1
190,243	1
190,244	1
190,246	1
190,250	1
190,254	1
190,258	1
190,261	1
190,267	1
190,273	1
190,288	1
190,29	1
190,304	1
190,316	1
190,32	1
190,324	1
190,327	1
190,329	1
190,333	1
190,339	1
190,348	1
190,350	1
190,354	1
190,356	1
190,365	1
190,370	1
190,383	1
190,391	1
190,399	1
190,40	1
190,409	1
190,415	1
190,417	1
190,420	1
190,433	1
190,454	1
190,455	1
190,458	1
190,469	1
190,470	1
190,472	1
190,473	1
190,48	1
190,487	1
190,491	1
190,492	1
190,497	1
190,68	1
190,75	1
190,80	1
190,83	1
190,84	1
190,86	1
190,98	1
190,99	1
196,1	1
196,100	1
196,101	1
196,102	1
196,103	1
196,108	1
196,119	1
196,121	1
196,122	1
196,125	1
196,126	1
196,127	1
196,128	1
196,136	1
196,138	1
196,139	2
196,141	1
196,143	1
196,146	1
196,155	1
196,168	1
196,170	1
196,172	1
196,178	1
196,181	1
196,184	1
196,186	1
196,190	1
196,196	0
196,201	1
196,209	1
196,222	1
196,223	1
196,226	2
196,230	2
196,236	1
196,237	1
196,238	1
196,243	1
196,244	1
196,246	1
196,250	1
196,254	1
196,258	1
196,261	1
196,267	1
196,273	1
196,280	1
196,288	1
196,29	1
196,298	1
196,3	1
196,304	1
196,310	1
196,316	1
196,32	1
196,320	1
196,324	1
196,327	1
196,329	1
196,330	1
196,333	1
196,339	2
196,34	1
196,348	1
196,350	1
196,354	1
196,355	1
196,356	1
196,357	1
196,365	2
196,366	1
196,370	1
196,371	1
196,383	1
196,385	1
196,391	1
196,399	1
196,40	1
196,406	1
196,409	1
196,415	1
196,417	1
196,420	1
196,427	1
196,433	1
196,454	1
196,455	1
196,458	1
196,469	1
196,470	1
196,472	1
196,473	1
196,48	1
196,487	1
196,490	1
196,491	1
196,492	1
196,497	1
196,5	1
196,62	1
196,68	1
196,75	1
196,77	1
196,79	1
196,80	1
196,83	1
196,84	1
196,86	1
196,98	1
196,99	1
201,102	1
201,108	1
201,139	1
201,196	1
201,201	0
201,223	1
201,226	1
201,230	1
201,280	1
201,298	1
201,3	1
201,310	1
201,320	1
201,330	1
201,339	1
201,34	1
201,355	1
201,357	1
201,365	1
201,366	1
201,371	1
201,385	1
201,406	1
201,427	1
201,490	1
201,5	1
201,62	1
201,77	1
201,79	1
207,1	1
207,112	1
207,113	1
207,155	1
207,183	1
207,207	0
207,228	1
207,239	1
207,240	1
207,241	1
207,333	1
207,34	1
207,345	1
207,347	1
207,383	1
207,387	1
207,389	1
207,456	1
207,466	1
207,476	1
207,478	1
207,481	1
207,495	1
207,498	1
207,6	1
207,89	1
207,94	1
209,1	1
209,100	1
209,101	1
209,103	1
209,119	1
209,121	1
209,122	1
209,125	1
209,126	1
209,127	1
209,128	1
209,136	1
209,138	1
209,139	1
209,141	1
209,143	1
209,146	1
209,155	1
209,168	1
209,170	1
209,172	1
209,178	1
209,181	1
209,184	1
209,186	1
209,190	1
209,196	1
209,209	0
209,222	1
209,226	1
209,230	1
209,236	1
209,237	1
209,238	1
209,243	1
209,244	1
209,246	1
209,250	1
209,254	1
209,258	1
209,261	1
209,267	1
209,273	1
209,288	1
209,29	1
209,304	1
209,316	1
209,32	1
209,324	1
209,327	1
209,329	1
209,333	1
209,339	1
209,348	1
209,350	1
209,354	1
209,356	1
209,365	1
209,370	1
209,383	1
209,391	1
209,399	1
209,40	1
209,409	1
209,415	1
209,417	1
209,420	1
209,433	1
209,454	1
209,455	1
209,458	1
209,469	1
209,470	1
209,472	1
209,473	1
209,48	1
209,487	1
209,491	1
209,492	1
209,497	1
209,68	1
209,75	1
209,80	1
209,83	1
209,84	1
209,86	1
209,98	1
209,99	1
221,153	1
221,221	0
221,227	1
221,242	1
221,256	1
221,270	1
221,357	1
221,37	1
221,478	1
221,69	1
222,1	1
222,100	1
222,101	1
222,103	1
222,119	1
222,121	1
222,122	1
222,125	1
222,126	1
222,127	1
222,128	1
222,136	1
222,138	1
222,139	1
222,141	1
222,143	1
222,146	1
222,155	1
222,168	1
222,170	1
222,172	1
222,178	1
222,181	1
222,184	1
222,186	1
222,190	1
222,196	1
222,209	1
222,222	0
222,226	1
222,230	1
222,236	1
222,237	1
222,238	1
222,243	1
222,244	1
222,246	1
222,250	1
222,254	1
222,258	1
222,261	1
222,267	1
222,273	1
222,288	1
222,29	1
222,304	1
222,316	1
222,32	1
222,324	1
222,327	1
222,329	1
222,333	1
222,339	1
222,348	1
222,350	1
222,354	1
222,356	1
222,365	1
222,370	1
222,383	1
222,391	1
222,399	1
222,40	1
222,409	1
222,415	1
222,417	1
222,420	1
222,433	1
222,454	1
222,455	1
222,458	1
222,469	1
222,470	1
222,472	1
222,473	1
222,48	1
222,487	1
222,491	1
222,492	1
222,497	1
222,68	1
222,75	1
222,80	1
222,83	1
222,84	1
222,86	1
222,98	1
222,99	1
223,102	1
223,108	1
223,139	1
223,196	1
223,201	1
223,223	0
223,226	1
223,230	1
223,280	1
223,298	1
223,3	1
223,310	1
223,320	1
223,330	1
223,339	1
223,34	1
223,355	1
223,357	1
223,365	1
223,366	1
223,371	1
223,385	1
223,406	1
223,427	1
223,490	1
223,5	1
223,62	1
223,77	1
223,79	1
226,1	1
226,100	1
226,101	1
226,102	1
226,103	1
226,108	1
226,119	1
226,121	1
226,122	1
226,125	1
226,126	1
226,127	1
226,128	1
226,136	1
226,138	1
226,139	2
226,141	1
226,143	1
226,146	1
226,155	1
226,168	1
226,170	1
226,172	1
226,178	1
226,181	1
226,184	1
226,186	1
226,190	1
226,196	2
226,201	1
226,209	1
226,222	1
226,223	1
226,226	0
226,230	2
226,236	1
226,237	1
226,238	1
226,243	1
226,244	1
226,246	1
226,250	1
226,254	1
226,258	1
226,261	1
226,267	1
226,273	1
226,280	1
226,288	1
226,29	1
226,298	1
226,3	1
226,304	1
226,310	1
226,316	1
226,32	1
226,320	1
226,324	1
226,327	1
226,329	1
226,330	1
226,333	1
226,339	2
226,34	1
226,348	1
226,350	1
226,354	1
226,355	1
226,356	1
226,357	1
226,365	2
226,366	1
226,370	1
226,371	1
226,383	1
226,385	1
226,391	1
226,399	1
226,40	1
226,406	1
226,409	1
226,415	1
226,417	1
226,420	1
226,427	1
226,433	1
226,454	1
226,455	1
226,458	1
226,469	1
226,470	1
226,472	1
226,473	1
226,48	1
226,487	1
226,490	1
226,491	1
226,492	1
226,497	1
226,5	1
226,62	1
226,68	1
226,75	1
226,77	1
226,79	1
226,80	1
226,83	1
226,84	1
226,86	1
226,98	1
226,99	1
227,153	1
227,221	1
227,227	0
227,242	1
227,256	1
227,270	1
227,357	1
227,37	1
227,478	1
227,69	1
228,1	1
228,112	1
228,113	1
228,155	1
228,183	1
228,207	1
228,228	0
228,239	1
228,240	1
228,241	1
228,333	1
228,34	1
228,345	1
228,347	1
228,383	1
228,387	1
228,389	1
228,456	1
228,466	1
228,476	1
228,478	1
228,481	1
228,495	1
228,498	1
228,6	1
228,89	1
228,94	1
230,1	1
230,100	1
230,101	1
230,102	1
230,103	1
230,108	1
230,119	1
230,121	1
230,122	1
230,125	1
230,126	1
230,127	1
230,128	1
230,136	1
230,138	1
230,139	2
230,141	1
230,143	1
230,146	1
230,155	1
230,168	1
230,170	1
230,172	1
230,178	1
230,181	1
230,184	1
230,186	1
230,190	1
230,196	2
230,201	1
230,209	1
230,222	1
230,223	1
230,226	2
230,230	0
230,236	1
230,237	1
230,238	1
230,243	1
230,244	1
230,246	1
230,250	1
230,254	1
230,258	1
230,261	1
230,267	1
230,273	1
230,280	1
230,288	1
230,29	1
230,298	1
230,3	1
230,304	1
230,310	1
230,316	1
230,32	1
230,320	1
230,324	1
230,327	1
230,329	1
230,330	1
230,333	1
230,339	2
230,34	1
230,348	1
230,350	1
230,354	1
230,355	1
230,356	1
230,357	1
230,365	2
230,366	1
230,370	1
230,371	1
230,383	1
230,385	1
230,391	1
230,399	1
230,40	1
230,406	1
230,409	1
230,415	1
230,417	1
230,420	1
230,427	1
230,433	1
230,454	1
230,455	1
230,458	1
230,469	1
230,470	1
230,472	1
230,473	1
230,48	1
230,487	1
230,490	1
230,491	1
230,492	1
230,497	1
230,5	1
230,62	1
230,68	1
230,75	1
230,77	1
230,79	1
230,80	1
230,83	1
230,84	1
230,86	1
230,98	1
230,99	1
236,1	1
236,100	1
236,101	1
236,103	1
236,119	1
236,121	1
236,122	1
236,125	1
236,126	1
236,127	1
236,128	1
236,136	1
236,138	1
236,139	1
236,141	1
236,143	1
236,146	1
236,155	1
236,168	1
236,170	1
236,172	1
236,178	1
236,181	1
236,184	1
236,186	1
236,190	1
236,196	1
236,209	1
236,222	1
236,226	1
236,230	1
236,236	0
236,237	1
236,238	1
236,243	1
236,244	1
236,246	1
236,250	1
236,254	1
236,258	1
236,261	1
236,267	1
236,273	1
236,288	1
236,29	1
236,304	1
236,316	1
236,32	1
236,324	1
236,327	1
236,329	1
236,333	1
236,339	1
236,348	1
236,350	1
236,354	1
236,356	1
236,365	1
236,370	1
236,383	1
236,391	1
236,399	1
236,40	1
236,409	1
236,415	1
236,417	1
236,420	1
236,433	1
236,454	1
236,455	1
236,458	1
236,469	1
236,470	1
236,472	1
236,473	1
236,48	1
236,487	1
236,491	1
236,492	1
236,497	1
236,68	1
236,75	1
236,80	1
236,83	1
236,84	1
236,86	1
236,98	1
236,99	1
237,1	1
237,100	1
237,101	1
237,103	1
237,119	1
237,121	1
237,122	1
237,125	1
237,126	1
237,127	1
237,128	1
237,136	1
237,138	1
237,139	1
237,141	1
237,143	1
237,146	1
237,155	1
237,168	1
237,170	1
237,172	1
237,178	1
237,181	1
237,184	1
237,186	1
237,190	1
237,196	1
237,209	1
237,222	1
237,226	1
237,230	1
237,236	1
237,237	0
237,238	1
237,243	1
237,244	1
237,246	1
237,250	1
237,254	1
237,258	1
237,261	1
237,267	1
237,273	1
237,288	1
237,29	1
237,304	1
237,316	1
237,32	1
237,324	1
237,327	1
237,329	1
237,333	1
237,339	1
237,348	1
237,350	1
237,354	1
237,356	1
237,365	1
237,370	1
237,383	1
237,391	1
237,399	1
237,40	1
237,409	1
237,415	1
237,417	1
237,420	1
237,433	1
237,454	1
237,455	1
237,458	1
237,469	1
237,470	1
237,472	1
237,473	1
237,48	1
237,487	1
237,491	1
237,492	1
237,497	1
237,68	1
237,75	1
237,80	1
237,83	1
237,84	1
237,86	1
237,98	1
237,99	1
238,1	1
238,100	1
238,101	1
238,103	1
238,119	1
238,121	1
238,122	1
238,125	1
238,126	1
238,127	1
238,128	1
238,136	1
238,138	1
238,139	1
238,141	1
238,143	1
238,146	1
238,155	1
238,168	1
238,170	1
238,172	1
238,178	1
238,181	1
238,184	1
238,186	1
238,190	1
238,196	1
238,209	1
238,222	1
238,226	1
238,230	1
238,236	1
238,237	1
238,238	0
238,243	1
238,244	1
238,246	1
238,250	1
238,254	1
238,258	1
238,261	1
238,267	1
238,273	1
238,288	1
238,29	1
238,304	1
238,316	1
238,32	1
238,324	1
238,327	1
238,329	1
238,333	1
238,339	1
238,348	1
238,350	1
238,354	1
238,356	1
238,365	1
238,370	1
238,383	1
238,391	1
238,399	1
238,40	1
238,409	1
238,415	1
238,417	1
238,420	1
238,433	1
238,454	1
238,455	1
238,458	1
238,469	1
238,470	1
238,472	1
238,473	1
238,48	1
238,487	1
238,491	1
238,492	1
238,497	1
238,68	1
238,75	1
238,80	1
238,83	1
238,84	1
238,86	1
238,98	1
238,99	1
239,1	1
239,112	1
239,113	1
239,155	1
239,183	1
239,207	1
239,228	1
239,239	0
239,240	1
239,241	1
239,333	1
239,34	1
239,345	1
239,347	1
239,383	1
239,387	1
239,389	1
239,456	1
239,466	1
239,476	1
239,478	1
239,481	1
239,495	1
239,498	1
239,6	1
239,89	1
239,94	1
240,1	1
240,112	1
240,113	1
240,155	1
240,183	1
240,207	1
240,228	1
240,239	1
240,240	0
240,241	1
240,333	1
240,34	1
240,345	1
240,347	1
240,383	1
240,387	1
240,389	1
240,456	1
240,466	1
240,476	1
240,478	1
240,481	1
240,495	1
240,498	1
240,6	1
240,89	1
240,94	1
241,1	1
241,112	1
241,113	1
241,155	1
241,183	1
241,207	1
241,228	1
241,239	1
241,240	1
241,241	0
241,333	1
241,34	1
241,345	1
241,347	1
241,383	1
241,387	1
241,389	1
241,456	1
241,466	1
241,476	1
241,478	1
241,481	1
241,495	1
241,498	1
241,6	1
241,89	1
241,94	1
242,153	1
242,221	1
242,227	1
242,242	0
242,256	1
242,270	1
242,357	1
242,37	1
242,478	1
242,69	1
243,1	1
243,100	1
243,101	1
243,103	1
243,119	1
243,121	1
243,122	1
243,125	1
243,126	1
243,127	1
243,128	1
243,136	1
243,138	1
243,139	1
243,141	1
243,143	1
243,146	1
243,155	1
243,168	1
243,170	1
243,172	1
243,178	1
243,181	1
243,184	1
243,186	1
243,190	1
243,196	1
243,209	1
243,222	1
243,226	1
243,230	1
243,236	1
243,237	1
243,238	1
243,243	0
243,244	1
243,246	1
243,250	1
243,254	1
243,258	1
243,261	1
243,267	1
243,273	1
243,288	1
243,29	1
243,304	1
243,316	1
243,32	1
243,324	1
243,327	1
243,329	1
243,333	1
243,339	1
243,348	1
243,350	1
243,354	1
243,356	1
243,365	1
243,370	1
243,383	1
243,391	1
243,399	1
243,40	1
243,409	1
243,415	1
243,417	1
243,420	1
243,433	1
243,454	1
243,455	1
243,458	1
243,469	1
243,470	1
243,472	1
243,473	1
243,48	1
243,487	1
243,491	1
243,492	1
243,497	1
243,68	1
243,75	1
243,80	1
243,83	1
243,84	1
243,86	1
243,98	1
243,99	1
244,1	1
244,100	1
244,101	1
244,103	1
244,119	1
244,121	1
244,122	1
244,125	1
244,126	1
244,127	1
244,128	1
244,136	1
244,138	1
244,139	1
244,141	1
244,143	1
244,146	1
244,155	1
244,168	1
244,170	1
244,172	1
244,178	1
244,181	1
244,184	1
244,186	1
244,190	1
244,196	1
244,209	1
244,222	1
244,226	1
244,230	1
244,236	1
244,237	1
244,238	1
244,243	1
244,244	0
244,246	1
244,250	1
244,254	1
244,258	1
244,261	1
244,267	1
244,273	1
244,288	1
244,29	1
244,304	1
244,316	1
244,32	1
244,324	1
244,327	1
244,329	1
244,333	1
244,339	1
244,348	1
244,350	1
244,354	1
244,356	1
244,365	1
244,370	1
244,383	1
244,391	1
244,399	1
244,40	1
244,409	1
244,415	1
244,417	1
244,420	1
244,433	1
244,454	1
244,455	1
244,458	1
244,469	1
244,470	1
244,472	1
244,473	1
244,48	1
244,487	1
244,491	1
244,492	1
244,497	1
244,68	1
244,75	1
244,80	1
244,83	1
244,84	1
244,86	1
244,98	1
244,99	1
246,1	1
246,100	1
246,101	1
246,103	1
246,119	1
246,121	1
246,122	1
246,125	1
246,126	1
246,127	1
246,128	1
246,136	1
246,138	1
246,139	1
246,141	1
246,143	1
246,146	1
246,155	1
246,168	1
246,170	1
246,172	1
246,178	1
246,181	1
246,184	1
246,186	1
246,190	1
246,196	1
246,209	1
246,222	1
246,226	1
246,230	1
246,236	1
246,237	1
246,238	1
246,243	1
246,244	1
246,246	0
246,250	1
246,254	1
246,258	1
246,261	1
246,267	1
246,273	1
246,288	1
246,29	1
246,304	1
246,316	1
246,32	1
246,324	1
246,327	1
246,329	1
246,333	1
246,339	1
246,348	1
246,350	1
246,354	1
246,356	1
246,365	1
246,370	1
246,383	1
246,391	1
246,399	1
246,40	1
246,409	1
246,415	1
246,417	1
246,420	1
246,433	1
246,454	1
246,455	1
246,458	1
246,469	1
246,470	1
246,472	1
246,473	1
246,48	1
246,487	1
246,491	1
246,492	1
246,497	1
246,68	1
246,75	1
246,80	1
246,83	1
246,84	1
246,86	1
246,98	1
246,99	1
250,1	1
250,100	1
250,101	1
250,103	1
250,119	1
250,121	1
250,122	1
250,125	1
250,126	1
250,127	1
250,128	1
250,136	1
250,138	1
250,139	1
250,141	1
250,143	1
250,146	1
250,155	1
250,168	1
250,170	1
250,172	1
250,178	1
250,181	1
250,184	1
250,186	1
250,190	1
250,196	1
250,209	1
250,222	1
250,226	1
250,230	1
250,236	1
250,237	1
250,238	1
250,243	1
250,244	1
250,246	1
250,250	0
250,254	1
250,258	1
250,261	1
250,267	1
250,273	1
250,288	1
250,29	1
250,304	1
250,316	1
250,32	1
250,324	1
250,327	1
250,329	1
250,333	1
250,339	1
250,348	1
250,350	1
250,354	1
250,356	1
250,365	1
250,370	1
250,383	1
250,391	1
250,399	1
250,40	1
250,409	1
250,415	1
250,417	1
250,420	1
250,433	1
250,454	1
250,455	1
250,458	1
250,469	1
250,470	1
250,472	1
250,473	1
250,48	1
250,487	1
250,491	1
250,492	1
250,497	1
250,68	1
250,75	1
250,80	1
250,83	1
250,84	1
250,86	1
250,98	1
250,99	1
254,1	1
254,100	1
254,101	1
254,103	1
254,119	1
254,121	1
254,122	1
254,125	1
254,126	1
254,127	1
254,128	1
254,136	1
254,138	1
254,139	1
254,141	1
254,143	1
254,146	1
254,155	1
254,168	1
254,170	1
254,172	1
254,178	1
254,181	1
254,184	1
254,186	1
254,190	1
254,196	1
254,209	1
254,222	1
254,226	1
254,230	1
254,236	1
254,237	1
254,238	1
254,243	1
254,244	1
254,246	1
254,250	1
254,254	0
254,258	1
254,261	1
254,267	1
254,273	1
254,288	1
254,29	1
254,304	1
254,316	1
254,32	1
254,324	1
254,327	1
254,329	1
254,333	1
254,339	1
254,348	1
254,350	1
254,354	1
254,356	1
254,365	1
254,370	1
254,383	1
254,391	1
254,399	1
254,40	1
254,409	1
254,415	1
254,417	1
254,420	1
254,433	1
254,454	1
254,455	1
254,458	1
254,469	1
254,470	1
254,472	1
254,473	1
254,48	1
254,487	1
254,491	1
254,492	1
254,497	1
254,68	1
254,75	1
254,80	1
254,83	1
254,84	1
254,86	1
254,98	1
254,99	1
256,153	1
256,221	1
256,227	1
256,242	1
256,256	0
256,270	1
256,357	1
256,37	1
256,478	1
256,69	1
258,1	1
258,100	1
258,101	1
258,103	1
258,119	1
258,121	1
258,122	1
258,125	1
258,126	1
258,127	1
258,128	1
258,136	1
258,138	1
258,139	1
258,141	1
258,143	1
258,146	1
258,155	1
258,168	1
258,170	1
258,172	1
258,178	1
258,181	1
258,184	1
258,186	1
258,190	1
258,196	1
258,209	1
258,222	1
258,226	1
258,230	1
258,236	1
258,237	1
258,238	1
258,243	1
258,244	1
258,246	1
258,250	1
258,254	1
258,258	0
258,261	1
258,267	1
258,273	1
258,288	1
258,29	1
258,304	1
258,316	1
258,32	1
258,324	1
258,327	1
258,329	1
258,333	1
258,339	1
258,348	1
258,350	1
258,354	1
258,356	1
258,365	1
258,370	1
258,383	1
258,391	1
258,399	1
258,40	1
258,409	1
258,415	1
258,417	1
258,420	1
258,433	1
258,454	1
258,455	1
258,458	1
258,469	1
258,470	1
258,472	1
258,473	1
258,48	1
258,487	1
258,491	1
258,492	1
258,497	1
258,68	1
258,75	1
258,80	1
258,83	1
258,84	1
258,86	1
258,98	1
258,99	1
261,1	1
261,100	1
261,101	1
261,103	1
261,119	1
261,121	1
261,122	1
261,125	1
261,126	1
261,127	1
261,128	1
261,136	1
261,138	1
261,139	1
261,141	1
261,143	1
261,146	1
261,155	1
261,168	1
261,170	1
261,172	1
261,178	1
261,181	1
261,184	1
261,186	1
261,190	1
261,196	1
261,209	1
261,222	1
261,226	1
261,230	1
261,236	1
261,237	1
261,238	1
261,243	1
261,244	1
261,246	1
261,250	1
261,254	1
261,258	1
261,261	0
261,267	1
261,273	1
261,288	1
261,29	1
261,304	1
261,316	1
261,32	1
261,324	1
261,327	1
261,329	1
261,333	1
261,339	1
261,348	1
261,350	1
261,354	1
261,356	1
261,365	1
261,370	1
261,383	1
261,391	1
261,399	1
261,40	1
261,409	1
261,415	1
261,417	1
261,420	1
261,433	1
261,454	1
261,455	1
261,458	1
261,469	1
261,470	1
261,472	1
261,473	1
261,48	1
261,487	1
261,491	1
261,492	1
261,497	1
261,68	1
261,75	1
261,80	1
261,83	1
261,84	1
261,86	1
261,98	1
261,99	1
267,1	1
267,100	1
267,101	1
267,103	1
267,119	1
267,121	1
267,122	1
267,125	1
267,126	1
267,127	1
267,128	1
267,136	1
267,138	1
267,139	1
267,141	1
267,143	1
267,146	1
267,155	1
267,168	1
267,170	1
267,172	1
267,178	1
267,181	1
267,184	1
267,186	1
267,190	1
267,196	1
267,209	1
267,222	1
267,226	1
267,230	1
267,236	1
267,237	1
267,238	1
267,243	1
267,244	1
267,246	1
267,250	1
267,254	1
267,258	1
267,261	1
267,267	0
267,273	1
267,288	1
267,29	1
267,304	1
267,316	1
267,32	1
267,324	1
267,327	1
267,329	1
267,333	1
267,339	1
267,348	1
267,350	1
267,354	1
267,356	1
267,365	1
267,370	1
267,383	1
267,391	1
267,399	1
267,40	1
267,409	1
267,415	1
267,417	1
267,420	1
267,433	1
267,454	1
267,455	1
267,458	1
267,469	1
267,470	1
267,472	1
267,473	1
267,48	1
267,487	1
267,491	1
267,492	1
267,497	1
267,68	1
267,75	1
267,80	1
267,83	1
267,84	1
267,86	1
267,98	1
267,99	1
270,153	1
270,221	1
270,227	1
270,242	1
270,256	1
270,270	0
270,357	1
270,37	1
270,478	1
270,69	1
273,1	1
273,100	1
273,101	1
273,103	1
273,119	1
273,121	1
273,122	1
273,125	1
273,126	1
273,127	1
273,128	1
273,136	1
273,138	1
273,139	1
273,141	1
273,143	1
273,146	1
273,155	1
273,168	1
273,170	1
273,172	1
273,178	1
273,181	1
273,184	1
273,186	1
273,190	1
273,196	1
273,209	1
273,222	1
273,226	1
273,230	1
273,236	1
273,237	1
273,238	1
273,243	1
273,244	1
273,246	1
273,250	1
273,254	1
273,258	1
273,261	1
273,267	1
273,273	0
273,288	1
273,29	1
273,304	1
273,316	1
273,32	1
273,324	1
273,327	1
273,329	1
273,333	1
273,339	1
273,348	1
273,350	1
273,354	1
273,356	1
273,365	1
273,370	1
273,383	1
273,391	1
273,399	1
273,40	1
273,409	1
273,415	1
273,417	1
273,420	1
273,433	1
273,454	1
273,455	1
273,458	1
273,469	1
273,470	1
273,472	1
273,473	1
273,48	1
273,487	1
273,491	1
273,492	1
273,497	1
273,68	1
273,75	1
273,80	1
273,83	1
273,84	1
273,86	1
273,98	1
273,99	1
280,102	1
280,108	1
280,139	1
280,196	1
280,201	1
280,223	1
280,226	1
280,230	1
280,280	0
280,298	1
280,3	1
280,310	1
280,320	1
280,330	1
280,339	1
280,34	1
280,355	1
280,357	1
280,365	1
280,366	1
280,371	1
280,385	1
280,406	1
280,427	1
280,490	1
280,5	1
280,62	1
280,77	1
280,79	1
288,1	1
288,100	1
288,101	1
288,103	1
288,119	1
288,121	1
288,122	1
288,125	1
288,126	1
288,127	1
288,128	1
288,136	1
288,138	1
288,139	1
288,141	1
288,143	1
288,146	1
288,155	1
288,168	1
288,170	1
288,172	1
288,178	1
288,181	1
288,184	1
288,186	1
288,190	1
288,196	1
288,209	1
288,222	1
288,226	1
288,230	1
288,236	1
288,237	1
288,238	1
288,243	1
288,244	1
288,246	1
288,250	1
288,254	1
288,258	1
288,261	1
288,267	1
288,273	1
288,288	0
288,29	1
288,304	1
288,316	1
288,32	1
288,324	1
288,327	1
288,329	1
288,333	1
288,339	1
288,348	1
288,350	1
288,354	1
288,356	1
288,365	1
288,370	1
288,383	1
288,391	1
288,399	1
288,40	1
288,409	1
288,415	1
288,417	1
288,420	1
288,433	1
288,454	1
288,455	1
288,458	1
288,469	1
288,470	1
288,472	1
288,473	1
288,48	1
288,487	1
288,491	1
288,492	1
288,497	1
288,68	1
288,75	1
288,80	1
288,83	1
288,84	1
288,86	1
288,98	1
288,99	1
29,1	1
29,100	1
29,101	1
29,103	1
29,119	1
29,121	1
29,122	1
29,125	1
29,126	1
29,127	1
29,128	1
29,136	1
29,138	1
29,139	1
29,141	1
29,143	1
29,146	1
29,155	1
29,168	1
29,170	1
29,172	1
29,178	1
29,181	1
29,184	1
29,186	1
29,190	1
29,196	1
29,209	1
29,222	1
29,226	1
29,230	1
29,236	1
29,237	1
29,238	1
29,243	1
29,244	1
29,246	1
29,250	1
29,254	1
29,258	1
29,261	1
29,267	1
29,273	1
29,288	1
29,29	0
29,304	1
29,316	1
29,32	1
29,324	1
29,327	1
29,329	1
29,333	1
29,339	1
29,348	1
29,350	1
29,354	1
29,356	1
29,365	1
29,370	1
29,383	1
29,391	1
29,399	1
29,40	1
29,409	1
29,415	1
29,417	1
29,420	1
29,433	1
29,454	1
29,455	1
29,458	1
29,469	1
29,470	1
29,472	1
29,473	1
29,48	1
29,487	1
29,491	1
29,492	1
29,497	1
29,68	1
29,75	1
29,80	1
29,83	1
29,84	1
29,86	1
29,98	1
29,99	1
298,102	1
298,108	1
298,139	1
298,196	1
298,201	1
298,223	1
298,226	1
298,230	1
298,280	1
298,298	0
298,3	1
298,310	1
298,320	1
298,330	1
298,339	1
298,34	1
298,355	1
298,357	1
298,365	1
298,366	1
298,371	1
298,385	1
298,406	1
298,427	1
298,490	1
298,5	1
298,62	1
298,77	1
298,79	1
3,102	1
3,108	1
3,139	1
3,196	1
3,201	1
3,223	1
3,226	1
3,230	1
3,280	1
3,298	1
3,3	0
3,310	1
3,320	1
3,330	1
3,339	1
3,34	1
3,355	1
3,357	1
3,365	1
3,366	1
3,371	1
3,385	1
3,406	1
3,427	1
3,490	1
3,5	1
3,62	1
3,77	1
3,79	1
304,1	1
304,100	1
304,101	1
304,103	1
304,119	1
304,121	1
304,122	1
304,125	1
304,126	1
304,127	1
304,128	1
304,136	1
304,138	1
304,139	1
304,141	1
304,143	1
304,146	1
304,155	1
304,168	1
304,170	1
304,172	1
304,178	1
304,181	1
304,184	1
304,186	1
304,190	1
304,196	1
304,209	1
304,222	1
304,226	1
304,230	1
304,236	1
304,237	1
304,238	1
304,243	1
304,244	1
304,246	1
304,250	1
304,254	1
304,258	1
304,261	1
304,267	1
304,273	1
304,288	1
304,29	1
304,304	0
304,316	1
304,32	1
304,324	1
304,327	1
304,329	1
304,333	1
304,339	1
304,348	1
304,350	1
304,354	1
304,356	1
304,365	1
304,370	1
304,383	1
304,391	1
304,399	1
304,40	1
304,409	1
304,415	1
304,417	1
304,420	1
304,433	1
304,454	1
304,455	1
304,458	1
304,469	1
304,470	1
304,472	1
304,473	1
304,48	1
304,487	1
304,491	1
304,492	1
304,497	1
304,68	1
304,75	1
304,80	1
304,83	1
304,84	1
304,86	1
304,98	1
304,99	1
310,102	1
310,108	1
310,139	1
310,196	1
310,201	1
310,223	1
310,226	1
310,230	1
310,280	1
310,298	1
310,3	1
310,310	0
310,320	1
310,330	1
310,339	1
310,34	1
310,355	1
310,357	1
310,365	1
310,366	1
310,371	1
310,385	1
310,406	1
310,427	1
310,490	1
310,5	1
310,62	1
310,77	1
310,79	1
316,1	1
316,100	1
316,101	1
316,103	1
316,119	1
316,121	1
316,122	1
316,125	1
316,126	1
316,127	1
316,128	1
316,136	1
316,138	1
316,139	1
316,141	1
316,143	1
316,146	1
316,155	1
316,168	1
316,170	1
316,172	1
316,178	1
316,181	1
316,184	1
316,186	1
316,190	1
316,196	1
316,209	1
316,222	1
316,226	1
316,230	1
316,236	1
316,237	1
316,238	1
316,243	1
316,244	1
316,246	1
316,250	1
316,254	1
316,258	1
316,261	1
316,267	1
316,273	1
316,288	1
316,29	1
316,304	1
316,316	0
316,32	1
316,324	1
316,327	1
316,329	1
316,333	1
316,339	1
316,348	1
316,350	1
316,354	1
316,356	1
316,365	1
316,370	1
316,383	1
316,391	1
316,399	1
316,40	1
316,409	1
316,415	1
316,417	1
316,420	1
316,433	1
316,454	1
316,455	1
316,458	1
316,469	1
316,470	1
316,472	1
316,473	1
316,48	1
316,487	1
316,491	1
316,492	1
316,497	1
316,68	1
316,75	1
316,80	1
316,83	1
316,84	1
316,86	1
316,98	1
316,99	1
32,1	1
32,100	1
32,101	1
32,103	1
32,119	1
32,121	1
32,122	1
32,125	1
32,126	1
32,127	1
32,128	1
32,136	1
32,138	1
32,139	1
32,141	1
32,143	1
32,146	1
32,155	1
32,168	1
32,170	1
32,172	1
32,178	1
32,181	1
32,184	1
32,186	1
32,190	1
32,196	1
32,209	1
32,222	1
32,226	1
32,230	1
32,236	1
32,237	1
32,238	1
32,243	1
32,244	1
32,246	1
32,250	1
32,254	1
32,258	1
32,261	1
32,267	1
32,273	1
32,288	1
32,29	1
32,304	1
32,316	1
32,32	0
32,324	1
32,327	1
32,329	1
32,333	1
32,339	1
32,348	1
32,350	1
32,354	1
32,356	1
32,365	1
32,370	1
32,383	1
32,391	1
32,399	1
32,40	1
32,409	1
32,415	1
32,417	1
32,420	1
32,433	1
32,454	1
32,455	1
32,458	1
32,469	1
32,470	1
32,472	1
32,473	1
32,48	1
32,487	1
32,491	1
32,492	1
32,497	1
32,68	1
32,75	1
32,80	1
32,83	1
32,84	1
32,86	1
32,98	1
32,99	1
320,102	1
320,108	1
320,139	1
320,196	1
320,201	1
320,223	1
320,226	1
320,230	1
320,280	1
320,298	1
320,3	1
320,310	1
320,320	0
320,330	1
320,339	1
320,34	1
320,355	1
320,357	1
320,365	1
320,366	1
320,371	1
320,385	1
320,406	1
320,427	1
320,490	1
320,5	1
320,62	1
320,77	1
320,79	1
321,101	1
321,102	1
321,321	0
321,404	1
321,482	1
324,1	1
324,100	1
324,101	1
324,103	1
324,119	1
324,121	1
324,122	1
324,125	1
324,126	1
324,127	1
324,128	1
324,136	1
324,138	1
324,139	1
324,141	1
324,143	1
324,146	1
324,155	1
324,168	1
324,170	1
324,172	1
324,178	1
324,181	1
324,184	1
324,186	1
324,190	1
324,196	1
324,209	1
324,222	1
324,226	1
324,230	1
324,236	1
324,237	1
324,238	1
324,243	1
324,244	1
324,246	1
324,250	1
324,254	1
324,258	1
324,261	1
324,267	1
324,273	1
324,288	1
324,29	1
324,304	1
324,316	1
324,32	1
324,324	0
324,327	1
324,329	1
324,333	1
324,339	1
324,348	1
324,350	1
324,354	1
324,356	1
324,365	1
324,370	1
324,383	1
324,391	1
324,399	1
324,40	1
324,409	1
324,415	1
324,417	1
324,420	1
324,433	1
324,454	1
324,455	1
324,458	1
324,469	1
324,470	1
324,472	1
324,473	1
324,48	1
324,487	1
324,491	1
324,492	1
324,497	1
324,68	1
324,75	1
324,80	1
324,83	1
324,84	1
324,86	1
324,98	1
324,99	1
327,1	1
327,100	1
327,101	1
327,103	1
327,119	1
327,121	1
327,122	1
327,125	1
327,126	1
327,127	1
327,128	1
327,136	1
327,138	1
327,139	1
327,141	1
327,143	1
327,146	1
327,155	1
327,168	1
327,170	1
327,172	1
327,178	1
327,181	1
327,184	1
327,186	1
327,190	1
327,196	1
327,209	1
327,222	1
327,226	1
327,230	1
327,236	1
327,237	1
327,238	1
327,243	1
327,244	1
327,246	1
327,250	1
327,254	1
327,258	1
327,261	1
327,267	1
327,273	1
327,288	1
327,29	1
327,304	1
327,316	1
327,32	1
327,324	1
327,327	0
327,329	1
327,333	1
327,339	1
327,348	1
327,350	1
327,354	1
327,356	1
327,365	1
327,370	1
327,383	1
327,391	1
327,399	1
327,40	1
327,409	1
327,415	1
327,417	1
327,420	1
327,433	1
327,454	1
327,455	1
327,458	1
327,469	1
327,470	1
327,472	1
327,473	1
327,48	1
327,487	1
327,491	1
327,492	1
327,497	1
327,68	1
327,75	1
327,80	1
327,83	1
327,84	1
327,86	1
327,98	1
327,99	1
329,1	1
329,100	1
329,101	1
329,103	1
329,119	1
329,121	1
329,122	1
329,125	1
329,126	1
329,127	1
329,128	1
329,136	1
329,138	1
329,139	1
329,141	1
329,143	1
329,146	1
329,155	1
329,168	1
329,170	1
329,172	1
329,178	1
329,181	1
329,184	1
329,186	1
329,190	1
329,196	1
329,209	1
329,222	1
329,226	1
329,230	1
329,236	1
329,237	1
329,238	1
329,243	1
329,244	1
329,246	1
329,250	1
329,254	1
329,258	1
329,261	1
329,267	1
329,273	1
329,288	1
329,29	1
329,304	1
329,316	1
329,32	1
329,324	1
329,327	1
329,329	0
329,333	1
329,339	1
329,348	1
329,350	1
329,354	1
329,356	1
329,365	1
329,370	1
329,383	1
329,391	1
329,399	1
329,40	1
329,409	1
329,415	1
329,417	1
329,420	1
329,433	1
329,454	1
329,455	1
329,458	1
329,469	1
329,470	1
329,472	1
329,473	1
329,48	1
329,487	1
329,491	1
329,492	1
329,497	1
329,68	1
329,75	1
329,80	1
329,83	1
329,84	1
329,86	1
329,98	1
329,99	1
330,102	1
330,108	1
330,139	1
330,196	1
330,201	1
330,223	1
330,226	1
330,230	1
330,280	1
330,298	1
330,3	1
330,310	1
330,320	1
330,330	0
330,339	1
330,34	1
330,355	1
330,357	1
330,365	1
330,366	1
330,371	1
330,385	1
330,406	1
330,427	1
330,490	1
330,5	1
330,62	1
330,77	1
330,79	1
333,1	2
333,100	1
333,101	1
333,103	1
333,112	1
333,113	1
333,119	1
333,121	1
333,122	1
333,125	1
333,126	1
333,127	1
333,128	1
333,136	1
333,138	1
333,139	1
333,141	1
333,143	1
333,146	1
333,155	2
333,168	1
333,170	1
333,172	1
333,178	1
333,181	1
333,183	1
333,184	1
333,186	1
333,190	1
333,196	1
333,207	1
333,209	1
333,222	1
333,226	1
333,228	1
333,230	1
333,236	1
333,237	1
333,238	1
333,239	1
333,240	1
333,241	1
333,243	1
333,244	1
333,246	1
333,250	1
333,254	1
333,258	1
333,261	1
333,267	1
333,273	1
333,288	1
333,29	1
333,304	1
333,316	1
333,32	1
333,324	1
333,327	1
333,329	1
333,333	0
333,339	1
333,34	1
333,345	1
333,347	1
333,348	1
333,350	1
333,354	1
333,356	1
333,365	1
333,370	1
333,383	2
333,387	1
333,389	1
333,391	1
333,399	1
333,40	1
333,409	1
333,415	1
333,417	1
333,420	1
333,433	1
333,454	1
333,455	1
333,456	1
333,458	1
333,466	1
333,469	1
333,470	1
333,472	1
333,473	1
333,476	1
333,478	1
333,48	1
333,481	1
333,487	1
333,491	1
333,492	1
333,495	1
333,497	1
333,498	1
333,6	1
333,68	1
333,75	1
333,80	1
333,83	1
333,84	1
333,86	1
333,89	1
333,94	1
333,98	1
333,99	1
339,1	1
339,100	1
339,101	1
339,102	1
339,103	1
339,108	1
339,119	1
339,121	1
339,122	1
339,125	1
339,126	1
339,127	1
339,128	1
339,136	1
339,138	1
339,139	2
339,141	1
339,143	1
339,146	1
339,155	1
339,168	1
339,170	1
339,172	1
339,178	1
339,181	1
339,184	1
339,186	1
339,190	1
339,196	2
339,201	1
339,209	1
339,222	1
339,223	1
339,226	2
339,230	2
339,236	1
339,237	1
339,238	1
339,243	1
339,244	1
339,246	1
339,250	1
339,254	1
339,258	1
339,261	1
339,267	1
339,273	1
339,280	1
339,288	1
339,29	1
339,298	1
339,3	1
339,304	1
339,310	1
339,316	1
339,32	1
339,320	1
339,324	1
339,327	1
339,329	1
339,330	1
339,333	1
339,339	0
339,34	1
339,348	1
339,350	1
339,354	1
339,355	1
339,356	1
339,357	1
339,365	2
339,366	1
339,370	1
339,371	1
339,383	1
339,385	1
339,391	1
339,399	1
339,40	1
339,406	1
339,409	1
339,415	1
339,417	1
339,420	1
339,427	1
339,433	1
339,454	1
339,455	1
339,458	1
339,469	1
339,470	1
339,472	1
339,473	1
339,48	1
339,487	1
339,490	1
339,491	1
339,492	1
339,497	1
339,5	1
339,62	1
339,68	1
339,75	1
339,77	1
339,79	1
339,80	1
339,83	1
339,84	1
339,86	1
339,98	1
339,99	1
34,1	1
34,102	1
34,108	1
34,112	1
34,113	1
34,139	1
34,155	1
34,183	1
34,196	1
34,201	1
34,207	1
34,223	1
34,226	1
34,228	1
34,230	1
34,239	1
34,240	1
34,241	1
34,280	1
34,298	1
34,3	1
34,310	1
34,320	1
34,330	1
34,333	1
34,339	1
34,34	0
34,345	1
34,347	1
34,355	1
34,357	1
34,365	1
34,366	1
34,371	1
34,383	1
34,385	1
34,387	1
34,389	1
34,406	1
34,427	1
34,456	1
34,466	1
34,476	1
34,478	1
34,481	1
34,490	1
34,495	1
34,498	1
34,5	1
34,6	1
34,62	1
34,77	1
34,79	1
34,89	1
34,94	1
345,1	1
345,112	1
345,113	1
345,155	1
345,183	1
345,207	1
345,228	1
345,239	1
345,240	1
345,241	1
345,333	1
345,34	1
345,345	0
345,347	1
345,383	1
345,387	1
345,389	1
345,456	1
345,466	1
345,476	1
345,478	1
345,481	1
345,495	1
345,498	1
345,6	1
345,89	1
345,94	1
347,1	1
347,112	1
347,113	1
347,155	1
347,183	1
347,207	1
347,228	1
347,239	1
347,240	1
347,241	1
347,333	1
347,34	1
347,345	1
347,347	0
347,383	1
347,387	1
347,389	1
347,456	1
347,466	1
347,476	1
347,478	1
347,481	1
347,495	1
347,498	1
347,6	1
347,89	1
347,94	1
348,1	1
348,100	1
348,101	1
348,103	1
348,119	1
348,121	1
348,122	1
348,125	1
348,126	1
348,127	1
348,128	1
348,136	1
348,138	1
348,139	1
348,141	1
348,143	1
348,146	1
348,155	1
348,168	1
348,170	1
348,172	1
348,178	1
348,181	1
348,184	1
348,186	1
348,190	1
348,196	1
348,209	1
348,222	1
348,226	1
348,230	1
348,236	1
348,237	1
348,238	1
348,243	1
348,244	1
348,246	1
348,250	1
348,254	1
348,258	1
348,261	1
348,267	1
348,273	1
348,288	1
348,29	1
348,304	1
348,316	1
348,32	1
348,324	1
348,327	1
348,329	1
348,333	1
348,339	1
348,348	0
348,350	1
348,354	1
348,356	1
348,365	1
348,370	1
348,383	1
348,391	1
348,399	1
348,40	1
348,409	1
348,415	1
348,417	1
348,420	1
348,433	1
348,454	1
348,455	1
348,458	1
348,469	1
348,470	1
348,472	1
348,473	1
348,48	1
348,487	1
348,491	1
348,492	1
348,497	1
348,68	1
348,75	1
348,80	1
348,83	1
348,84	1
348,86	1
348,98	1
348,99	1
350,1	1
350,100	1
350,101	1
350,103	1
350,119	1
350,121	1
350,122	1
350,125	1
350,126	1
350,127	1
350,128	1
350,136	1
350,138	1
350,139	1
350,141	1
350,143	1
350,146	1
350,155	1
350,168	1
350,170	1
350,172	1
350,178	1
350,181	1
350,184	1
350,186	1
350,190	1
350,196	1
350,209	1
350,222	1
350,226	1
350,230	1
350,236	1
350,237	1
350,238	1
350,243	1
350,244	1
350,246	1
350,250	1
350,254	1
350,258	1
350,261	1
350,267	1
350,273	1
350,288	1
350,29	1
350,304	1
350,316	1
350,32	1
350,324	1
350,327	1
350,329	1
350,333	1
350,339	1
350,348	1
350,350	0
350,354	1
350,356	1
350,365	1
350,370	1
350,383	1
350,391	1
350,399	1
350,40	1
350,409	1
350,415	1
350,417	1
350,420	1
350,433	1
350,454	1
350,455	1
350,458	1
350,469	1
350,470	1
350,472	1
350,473	1
350,48	1
350,487	1
350,491	1
350,492	1
350,497	1
350,68	1
350,75	1
350,80	1
350,83	1
350,84	1
350,86	1
350,98	1
350,99	1
354,1	1
354,100	1
354,101	1
354,103	1
354,119	1
354,121	1
354,122	1
354,125	1
354,126	1
354,127	1
354,128	1
354,136	1
354,138	1
354,139	1
354,141	1
354,143	1
354,146	1
354,155	1
354,168	1
354,170	1
354,172	1
354,178	1
354,181	1
354,184	1
354,186	1
354,190	1
354,196	1
354,209	1
354,222	1
354,226	1
354,230	1
354,236	1
354,237	1
354,238	1
354,243	1
354,244	1
354,246	1
354,250	1
354,254	1
354,258	1
354,261	1
354,267	1
354,273	1
354,288	1
354,29	1
354,304	1
354,316	1
354,32	1
354,324	1
354,327	1
354,329	1
354,333	1
354,339	1
354,348	1
354,350	1
354,354	0
354,356	1
354,365	1
354,370	1
354,383	1
354,391	1
354,399	1
354,40	1
354,409	1
354,415	1
354,417	1
354,420	1
354,433	1
354,454	1
354,455	1
354,458	1
354,469	1
354,470	1
354,472	1
354,473	1
354,48	1
354,487	1
354,491	1
354,492	1
354,497	1
354,68	1
354,75	1
354,80	1
354,83	1
354,84	1
354,86	1
354,98	1
354,99	1
355,102	1
355,108	1
355,139	1
355,196	1
355,201	1
355,223	1
355,226	1
355,230	1
355,280	1
355,298	1
355,3	1
355,310	1
355,320	1
355,330	1
355,339	1
355,34	1
355,355	0
355,357	1
355,365	1
355,366	1
355,371	1
355,385	1
355,406	1
355,427	1
355,490	1
355,5	1
355,62	1
355,77	1
355,79	1
356,1	1
356,100	1
356,101	1
356,103	1
356,119	1
356,121	1
356,122	1
356,125	1
356,126	1
356,127	1
356,128	1
356,136	1
356,138	1
356,139	1
356,141	1
356,143	1
356,146	1
356,155	1
356,168	1
356,170	1
356,172	1
356,178	1
356,181	1
356,184	1
356,186	1
356,190	1
356,196	1
356,209	1
356,222	1
356,226	1
356,230	1
356,236	1
356,237	1
356,238	1
356,243	1
356,244	1
356,246	1
356,250	1
356,254	1
356,258	1
356,261	1
356,267	1
356,273	1
356,288	1
356,29	1
356,304	1
356,316	1
356,32	1
356,324	1
356,327	1
356,329	1
356,333	1
356,339	1
356,348	1
356,350	1
356,354	1
356,356	0
356,365	1
356,370	1
356,383	1
356,391	1
356,399	1
356,40	1
356,409	1
356,415	1
356,417	1
356,420	1
356,433	1
356,454	1
356,455	1
356,458	1
356,469	1
356,470	1
356,472	1
356,473	1
356,48	1
356,487	1
356,491	1
356,492	1
356,497	1
356,68	1
356,75	1
356,80	1
356,83	1
356,84	1
356,86	1
356,98	1
356,99	1
357,102	1
357,108	1
357,139	1
357,153	1
357,196	1
357,201	1
357,221	1
357,223	1
357,226	1
357,227	1
357,230	1
357,242	1
357,256	1
357,270	1
357,280	1
357,298	1
357,3	1
357,310	1
357,320	1
357,330	1
357,339	1
357,34	1
357,355	1
357,357	0
357,365	1
357,366	1
357,37	1
357,371	1
357,385	1
357,406	1
357,427	1
357,478	1
357,490	1
357,5	1
357,62	1
357,69	1
357,77	1
357,79	1
365,1	1
365,100	1
365,101	1
365,102	1
365,103	1
365,108	1
365,119	1
365,121	1
365,122	1
365,125	1
365,126	1
365,127	1
365,128	1
365,136	1
365,138	1
365,139	2
365,141	1
365,143	1
365,146	1
365,155	1
365,168	1
365,170	1
365,172	1
365,178	1
365,181	1
365,184	1
365,186	1
365,190	1
365,196	2
365,201	1
365,209	1
365,222	1
365,223	1
365,226	2
365,230	2
365,236	1
365,237	1
365,238	1
365,243	1
365,244	1
365,246	1
365,250	1
365,254	1
365,258	1
365,261	1
365,267	1
365,273	1
365,280	1
365,288	1
365,29	1
365,298	1
365,3	1
365,304	1
365,310	1
365,316	1
365,32	1
365,320	1
365,324	1
365,327	1
365,329	1
365,330	1
365,333	1
365,339	2
365,34	1
365,348	1
365,350	1
365,354	1
365,355	1
365,356	1
365,357	1
365,365	0
365,366	1
365,370	1
365,371	1
365,383	1
365,385	1
365,391	1
365,399	1
365,40	1
365,406	1
365,409	1
365,415	1
365,417	1
365,420	1
365,427	1
365,433	1
365,454	1
365,455	1
365,458	1
365,469	1
365,470	1
365,472	1
365,473	1
365,48	1
365,487	1
365,490	1
365,491	1
365,492	1
365,497	1
365,5	1
365,62	1
365,68	1
365,75	1
365,77	1
365,79	1
365,80	1
365,83	1
365,84	1
365,86	1
365,98	1
365,99	1
366,102	1
366,108	1
366,139	1
366,196	1
366,201	1
366,223	1
366,226	1
366,230	1
366,280	1
366,298	1
366,3	1
366,310	1
366,320	1
366,330	1
366,339	1
366,34	1
366,355	1
366,357	1
366,365	1
366,366	0
366,371	1
366,385	1
366,406	1
366,427	1
366,490	1
366,5	1
366,62	1
366,77	1
366,79	1
37,153	1
37,221	1
37,227	1
37,242	1
37,256	1
37,270	1
37,357	1
37,37	0
37,478	1
37,69	1
370,1	1
370,100	1
370,101	1
370,103	1
370,119	1
370,121	1
370,122	1
370,125	1
370,126	1
370,127	1
370,128	1
370,136	1
370,138	1
370,139	1
370,141	1
370,143	1
370,146	1
370,155	1
370,168	1
370,170	1
370,172	1
370,178	1
370,181	1
370,184	1
370,186	1
370,190	1
370,196	1
370,209	1
370,222	1
370,226	1
370,230	1
370,236	1
370,237	1
370,238	1
370,243	1
370,244	1
370,246	1
370,250	1
370,254	1
370,258	1
370,261	1
370,267	1
370,273	1
370,288	1
370,29	1
370,304	1
370,316	1
370,32	1
370,324	1
370,327	1
370,329	1
370,333	1
370,339	1
370,348	1
370,350	1
370,354	1
370,356	1
370,365	1
370,370	0
370,383	1
370,391	1
370,399	1
370,40	1
370,409	1
370,415	1
370,417	1
370,420	1
370,433	1
370,454	1
370,455	1
370,458	1
370,469	1
370,470	1
370,472	1
370,473	1
370,48	1
370,487	1
370,491	1
370,492	1
370,497	1
370,68	1
370,75	1
370,80	1
370,83	1
370,84	1
370,86	1
370,98	1
370,99	1
371,102	1
371,108	1
371,139	1
371,196	1
371,201	1
371,223	1
371,226	1
371,230	1
371,280	1
371,298	1
371,3	1
371,310	1
371,320	1
371,330	1
371,339	1
371,34	1
371,355	1
371,357	1
371,365	1
371,366	1
371,371	0
371,385	1
371,406	1
371,427	1
371,490	1
371,5	1
371,62	1
371,77	1
371,79	1
383,1	2
383,100	1
383,101	1
383,103	1
383,112	1
383,113	1
383,119	1
383,121	1
383,122	1
383,125	1
383,126	1
383,127	1
383,128	1
383,136	1
383,138	1
383,139	1
383,141	1
383,143	1
383,146	1
383,155	2
383,168	1
383,170	1
383,172	1
383,178	1
383,181	1
383,183	1
383,184	1
383,186	1
383,190	1
383,196	1
383,207	1
383,209	1
383,222	1
383,226	1
383,228	1
383,230	1
383,236	1
383,237	1
383,238	1
383,239	1
383,240	1
383,241	1
383,243	1
383,244	1
383,246	1
383,250	1
383,254	1
383,258	1
383,261	1
383,267	1
383,273	1
383,288	1
383,29	1
383,304	1
383,316	1
383,32	1
383,324	1
383,327	1
383,329	1
383,333	2
383,339	1
383,34	1
383,345	1
383,347	1
383,348	1
383,350	1
383,354	1
383,356	1
383,365	1
383,370	1
383,383	0
383,387	1
383,389	1
383,391	1
383,399	1
383,40	1
383,409	1
383,415	1
383,417	1
383,420	1
383,433	1
383,454	1
383,455	1
383,456	1
383,458	1
383,466	1
383,469	1
383,470	1
383,472	1
383,473	1
383,476	1
383,478	1
383,48	1
383,481	1
383,487	1
383,491	1
383,492	1
383,495	1
383,497	1
383,498	1
383,6	1
383,68	1
383,75	1
383,80	1
383,83	1
383,84	1
383,86	1
383,89	1
383,94	1
383,98	1
383,99	1
385,102	1
385,108	1
385,139	1
385,196	1
385,201	1
385,223	1
385,226	1
385,230	1
385,280	1
385,298	1
385,3	1
385,310	1
385,320	1
385,330	1
385,339	1
385,34	1
385,355	1
385,357	1
385,365	1
385,366	1
385,371	1
385,385	0
385,406	1
385,427	1
385,490	1
385,5	1
385,62	1
385,77	1
385,79	1
387,1	1
387,112	1
387,113	1
387,155	1
387,183	1
387,207	1
387,228	1
387,239	1
387,240	1
387,241	1
387,333	1
387,34	1
387,345	1
387,347	1
387,383	1
387,387	0
387,389	1
387,456	1
387,466	1
387,476	1
387,478	1
387,481	1
387,495	1
387,498	1
387,6	1
387,89	1
387,94	1
389,1	1
389,112	1
389,113	1
389,155	1
389,183	1
389,207	1
389,228	1
389,239	1
389,240	1
389,241	1
389,333	1
389,34	1
389,345	1
389,347	1
389,383	1
389,387	1
389,389	0
389,456	1
389,466	1
389,476	1
389,478	1
389,481	1
389,495	1
389,498	1
389,6	1
389,89	1
389,94	1
391,1	1
391,100	1
391,101	1
391,103	1
391,119	1
391,121	1
391,122	1
391,125	1
391,126	1
391,127	1
391,128	1
391,136	1
391,138	1
391,139	1
391,141	1
391,143	1
391,146	1
391,155	1
391,168	1
391,170	1
391,172	1
391,178	1
391,181	1
391,184	1
391,186	1
391,190	1
391,196	1
391,209	1
391,222	1
391,226	1
391,230	1
391,236	1
391,237	1
391,238	1
391,243	1
391,244	1
391,246	1
391,250	1
391,254	1
391,258	1
391,261	1
391,267	1
391,273	1
391,288	1
391,29	1
391,304	1
391,316	1
391,32	1
391,324	1
391,327	1
391,329	1
391,333	1
391,339	1
391,348	1
391,350	1
391,354	1
391,356	1
391,365	1
391,370	1
391,383	1
391,391	0
391,399	1
391,40	1
391,409	1
391,415	1
391,417	1
391,420	1
391,433	1
391,454	1
391,455	1
391,458	1
391,469	1
391,470	1
391,472	1
391,473	1
391,48	1
391,487	1
391,491	1
391,492	1
391,497	1
391,68	1
391,75	1
391,80	1
391,83	1
391,84	1
391,86	1
391,98	1
391,99	1
399,1	1
399,100	1
399,101	1
399,103	1
399,119	1
399,121	1
399,122	1
399,125	1
399,126	1
399,127	1
399,128	1
399,136	1
399,138	1
399,139	1
399,141	1
399,143	1
399,146	1
399,155	1
399,168	1
399,170	1
399,172	1
399,178	1
399,181	1
399,184	1
399,186	1
399,190	1
399,196	1
399,209	1
399,222	1
399,226	1
399,230	1
399,236	1
399,237	1
399,238	1
399,243	1
399,244	1
399,246	1
399,250	1
399,254	1
399,258	1
399,261	1
399,267	1
399,273	1
399,288	1
399,29	1
399,304	1
399,316	1
399,32	1
399,324	1
399,327	1
399,329	1
399,333	1
399,339	1
399,348	1
399,350	1
399,354	1
399,356	1
399,365	1
399,370	1
399,383	1
399,391	1
399,399	0
399,40	1
399,409	1
399,415	1
399,417	1
399,420	1
399,433	1
399,454	1
399,455	1
399,458	1
399,469	1
399,470	1
399,472	1
399,473	1
399,48	1
399,487	1
399,491	1
399,492	1
399,497	1
399,68	1
399,75	1
399,80	1
399,83	1
399,84	1
399,86	1
399,98	1
399,99	1
40,1	1
40,100	1
40,101	1
40,103	1
40,119	1
40,121	1
40,122	1
40,125	1
40,126	1
40,127	1
40,128	1
40,136	1
40,138	1
40,139	1
40,141	1
40,143	1
40,146	1
40,155	1
40,168	1
40,170	1
40,172	1
40,178	1
40,181	1
40,184	1
40,186	1
40,190	1
40,196	1
40,209	1
40,222	1
40,226	1
40,230	1
40,236	1
40,237	1
40,238	1
40,243	1
40,244	1
40,246	1
40,250	1
40,254	1
40,258	1
40,261	1
40,267	1
40,273	1
40,288	1
40,29	1
40,304	1
40,316	1
40,32	1
40,324	1
40,327	1
40,329	1
40,333	1
40,339	1
40,348	1
40,350	1
40,354	1
40,356	1
40,365	1
40,370	1
40,383	1
40,391	1
40,399	1
40,40	0
40,409	1
40,415	1
40,417	1
40,420	1
40,433	1
40,454	1
40,455	1
40,458	1
40,469	1
40,470	1
40,472	1
40,473	1
40,48	1
40,487	1
40,491	1
40,492	1
40,497	1
40,68	1
40,75	1
40,80	1
40,83	1
40,84	1
40,86	1
40,98	1
40,99	1
404,101	1
404,102	1
404,321	1
404,404	0
404,482	1
406,102	1
406,108	1
406,139	1
406,196	1
406,201	1
406,223	1
406,226	1
406,230	1
406,280	1
406,298	1
406,3	1
406,310	1
406,320	1
406,330	1
406,339	1
406,34	1
406,355	1
406,357	1
406,365	1
406,366	1
406,371	1
406,385	1
406,406	0
406,427	1
406,490	1
406,5	1
406,62	1
406,77	1
406,79	1
409,1	1
409,100	1
409,101	1
409,103	1
409,119	1
409,121	1
409,122	1
409,125	1
409,126	1
409,127	1
409,128	1
409,136	1
409,138	1
409,139	1
409,141	1
409,143	1
409,146	1
409,155	1
409,168	1
409,170	1
409,172	1
409,178	1
409,181	1
409,184	1
409,186	1
409,190	1
409,196	1
409,209	1
409,222	1
409,226	1
409,230	1
409,236	1
409,237	1
409,238	1
409,243	1
409,244	1
409,246	1
409,250	1
409,254	1
409,258	1
409,261	1
409,267	1
409,273	1
409,288	1
409,29	1
409,304	1
409,316	1
409,32	1
409,324	1
409,327	1
409,329	1
409,333	1
409,339	1
409,348	1
409,350	1
409,354	1
409,356	1
409,365	1
409,370	1
409,383	1
409,391	1
409,399	1
409,40	1
409,409	0
409,415	1
409,417	1
409,420	1
409,433	1
409,454	1
409,455	1
409,458	1
409,469	1
409,470	1
409,472	1
409,473	1
409,48	1
409,487	1
409,491	1
409,492	1
409,497	1
409,68	1
409,75	1
409,80	1
409,83	1
409,84	1
409,86	1
409,98	1
409,99	1
415,1	1
415,100	1
415,101	1
415,103	1
415,119	1
415,121	1
415,122	1
415,125	1
415,126	1
415,127	1
415,128	1
415,136	1
415,138	1
415,139	1
415,141	1
415,143	1
415,146	1
415,155	1
415,168	1
415,170	1
415,172	1
415,178	1
415,181	1
415,184	1
415,186	1
415,190	1
415,196	1
415,209	1
415,222	1
415,226	1
415,230	1
415,236	1
415,237	1
415,238	1
415,243	1
415,244	1
415,246	1
415,250	1
415,254	1
415,258	1
415,261	1
415,267	1
415,273	1
415,288	1
415,29	1
415,304	1
415,316	1
415,32	1
415,324	1
415,327	1
415,329	1
415,333	1
415,339	1
415,348	1
415,350	1
415,354	1
415,356	1
415,365	1
415,370	1
415,383	1
415,391	1
415,399	1
415,40	1
415,409	1
415,415	0
415,417	1
415,420	1
415,433	1
415,454	1
415,455	1
415,458	1
415,469	1
415,470	1
415,472	1
415,473	1
415,48	1
415,487	1
415,491	1
415,492	1
415,497	1
415,68	1
415,75	1
415,80	1
415,83	1
415,84	1
415,86	1
415,98	1
415,99	1
417,1	1
417,100	1
417,101	1
417,103	1
417,119	1
417,121	1
417,122	1
417,125	1
417,126	1
417,127	1
417,128	1
417,136	1
417,138	1
417,139	1
417,141	1
417,143	1
417,146	1
417,155	1
417,168	1
417,170	1
417,172	1
417,178	1
417,181	1
417,184	1
417,186	1
417,190	1
417,196	1
417,209	1
417,222	1
417,226	1
417,230	1
417,236	1
417,237	1
417,238	1
417,243	1
417,244	1
417,246	1
417,250	1
417,254	1
417,258	1
417,261	1
417,267	1
417,273	1
417,288	1
417,29	1
417,304	1
417,316	1
417,32	1
417,324	1
417,327	1
417,329	1
417,333	1
417,339	1
417,348	1
417,350	1
417,354	1
417,356	1
417,365	1
417,370	1
417,383	1
417,391	1
417,399	1
417,40	1
417,409	1
417,415	1
417,417	0
417,420	1
417,433	1
417,454	1
417,455	1
417,458	1
417,469	1
417,470	1
417,472	1
417,473	1
417,48	1
417,487	1
417,491	1
417,492	1
417,497	1
417,68	1
417,75	1
417,80	1
417,83	1
417,84	1
417,86	1
417,98	1
417,99	1
420,1	1
420,100	1
420,101	1
420,103	1
420,119	1
420,121	1
420,122	1
420,125	1
420,126	1
420,127	1
420,128	1
420,136	1
420,138	1
420,139	1
420,141	1
420,143	1
420,146	1
420,155	1
420,168	1
420,170	1
420,172	1
420,178	1
420,181	1
420,184	1
420,186	1
420,190	1
420,196	1
420,209	1
420,222	1
420,226	1
420,230	1
420,236	1
420,237	1
420,238	1
420,243	1
420,244	1
420,246	1
420,250	1
420,254	1
420,258	1
420,261	1
420,267	1
420,273	1
420,288	1
420,29	1
420,304	1
420,316	1
420,32	1
420,324	1
420,327	1
420,329	1
420,333	1
420,339	1
420,348	1
420,350	1
420,354	1
420,356	1
420,365	1
420,370	1
420,383	1
420,391	1
420,399	1
420,40	1
420,409	1
420,415	1
420,417	1
420,420	0
420,433	1
420,454	1
420,455	1
420,458	1
420,469	1
420,470	1
420,472	1
420,473	1
420,48	1
420,487	1
420,491	1
420,492	1
420,497	1
420,68	1
420,75	1
420,80	1
420,83	1
420,84	1
420,86	1
420,98	1
420,99	1
427,102	1
427,108	1
427,139	1
427,196	1
427,201	1
427,223	1
427,226	1
427,230	1
427,280	1
427,298	1
427,3	1
427,310	1
427,320	1
427,330	1
427,339	1
427,34	1
427,355	1
427,357	1
427,365	1
427,366	1
427,371	1
427,385	1
427,406	1
427,427	0
427,490	1
427,5	1
427,62	1
427,77	1
427,79	1
433,1	1
433,100	1
433,101	1
433,103	1
433,119	1
433,121	1
433,122	1
433,125	1
433,126	1
433,127	1
433,128	1
433,136	1
433,138	1
433,139	1
433,141	1
433,143	1
433,146	1
433,155	1
433,168	1
433,170	1
433,172	1
433,178	1
433,181	1
433,184	1
433,186	1
433,190	1
433,196	1
433,209	1
433,222	1
433,226	1
433,230	1
433,236	1
433,237	1
433,238	1
433,243	1
433,244	1
433,246	1
433,250	1
433,254	1
433,258	1
433,261	1
433,267	1
433,273	1
433,288	1
433,29	1
433,304	1
433,316	1
433,32	1
433,324	1
433,327	1
433,329	1
433,333	1
433,339	1
433,348	1
433,350	1
433,354	1
433,356	1
433,365	1
433,370	1
433,383	1
433,391	1
433,399	1
433,40	1
433,409	1
433,415	1
433,417	1
433,420	1
433,433	0
433,454	1
433,455	1
433,458	1
433,469	1
433,470	1
433,472	1
433,473	1
433,48	1
433,487	1
433,491	1
433,492	1
433,497	1
433,68	1
433,75	1
433,80	1
433,83	1
433,84	1
433,86	1
433,98	1
433,99	1
454,1	1
454,100	1
454,101	1
454,103	1
454,119	1
454,121	1
454,122	1
454,125	1
454,126	1
454,127	1
454,128	1
454,136	1
454,138	1
454,139	1
454,141	1
454,143	1
454,146	1
454,155	1
454,168	1
454,170	1
454,172	1
454,178	1
454,181	1
454,184	1
454,186	1
454,190	1
454,196	1
454,209	1
454,222	1
454,226	1
454,230	1
454,236	1
454,237	1
454,238	1
454,243	1
454,244	1
454,246	1
454,250	1
454,254	1
454,258	1
454,261	1
454,267	1
454,273	1
454,288	1
454,29	1
454,304	1
454,316	1
454,32	1
454,324	1
454,327	1
454,329	1
454,333	1
454,339	1
454,348	1
454,350	1
454,354	1
454,356	1
454,365	1
454,370	1
454,383	1
454,391	1
454,399	1
454,40	1
454,409	1
454,415	1
454,417	1
454,420	1
454,433	1
454,454	0
454,455	1
454,458	1
454,469	1
454,470	1
454,472	1
454,473	1
454,48	1
454,487	1
454,491	1
454,492	1
454,497	1
454,68	1
454,75	1
454,80	1
454,83	1
454,84	1
454,86	1
454,98	1
454,99	1
455,1	1
455,100	1
455,101	1
455,103	1
455,119	1
455,121	1
455,122	1
455,125	1
455,126	1
455,127	1
455,128	1
455,136	1
455,138	1
455,139	1
455,141	1
455,143	1
455,146	1
455,155	1
455,168	1
455,170	1
455,172	1
455,178	1
455,181	1
455,184	1
455,186	1
455,190	1
455,196	1
455,209	1
455,222	1
455,226	1
455,230	1
455,236	1
455,237	1
455,238	1
455,243	1
455,244	1
455,246	1
455,250	1
455,254	1
455,258	1
455,261	1
455,267	1
455,273	1
455,288	1
455,29	1
455,304	1
455,316	1
455,32	1
455,324	1
455,327	1
455,329	1
455,333	1
455,339	1
455,348	1
455,350	1
455,354	1
455,356	1
455,365	1
455,370	1
455,383	1
455,391	1
455,399	1
455,40	1
455,409	1
455,415	1
455,417	1
455,420	1
455,433	1
455,454	1
455,455	0
455,458	1
455,469	1
455,470	1
455,472	1
455,473	1
455,48	1
455,487	1
455,491	1
455,492	1
455,497	1
455,68	1
455,75	1
455,80	1
455,83	1
455,84	1
455,86	1
455,98	1
455,99	1
456,1	1
456,112	1
456,113	1
456,155	1
456,183	1
456,207	1
456,228	1
456,239	1
456,240	1
456,241	1
456,333	1
456,34	1
456,345	1
456,347	1
456,383	1
456,387	1
456,389	1
456,456	0
456,466	1
456,476	1
456,478	1
456,481	1
456,495	1
456,498	1
456,6	1
456,89	1
456,94	1
458,1	1
458,100	1
458,101	1
458,103	1
458,119	1
458,121	1
458,122	1
458,125	1
458,126	1
458,127	1
458,128	1
458,136	1
458,138	1
458,139	1
458,141	1
458,143	1
458,146	1
458,155	1
458,168	1
458,170	1
458,172	1
458,178	1
458,181	1
458,184	1
458,186	1
458,190	1
458,196	1
458,209	1
458,222	1
458,226	1
458,230	1
458,236	1
458,237	1
458,238	1
458,243	1
458,244	1
458,246	1
458,250	1
458,254	1
458,258	1
458,261	1
458,267	1
458,273	1
458,288	1
458,29	1
458,304	1
458,316	1
458,32	1
458,324	1
458,327	1
458,329	1
458,333	1
458,339	1
458,348	1
458,350	1
458,354	1
458,356	1
458,365	1
458,370	1
458,383	1
458,391	1
458,399	1
458,40	1
458,409	1
458,415	1
458,417	1
458,420	1
458,433	1
458,454	1
458,455	1
458,458	0
458,469	1
458,470	1
458,472	1
458,473	1
458,48	1
458,487	1
458,491	1
458,492	1
458,497	1
458,68	1
458,75	1
458,80	1
458,83	1
458,84	1
458,86	1
458,98	1
458,99	1
466,1	1
466,112	1
466,113	1
466,155	1
466,183	1
466,207	1
466,228	1
466,239	1
466,240	1
466,241	1
466,333	1
466,34	1
466,345	1
466,347	1
466,383	1
466,387	1
466,389	1
466,456	1
466,466	0
466,476	1
466,478	1
466,481	1
466,495	1
466,498	1
466,6	1
466,89	1
466,94	1
469,1	1
469,100	1
469,101	1
469,103	1
469,119	1
469,121	1
469,122	1
469,125	1
469,126	1
469,127	1
469,128	1
469,136	1
469,138	1
469,139	1
469,141	1
469,143	1
469,146	1
469,155	1
469,168	1
469,170	1
469,172	1
469,178	1
469,181	1
469,184	1
469,186	1
469,190	1
469,196	1
469,209	1
469,222	1
469,226	1
469,230	1
469,236	1
469,237	1
469,238	1
469,243	1
469,244	1
469,246	1
469,250	1
469,254	1
469,258	1
469,261	1
469,267	1
469,273	1
469,288	1
469,29	1
469,304	1
469,316	1
469,32	1
469,324	1
469,327	1
469,329	1
469,333	1
469,339	1
469,348	1
469,350	1
469,354	1
469,356	1
469,365	1
469,370	1
469,383	1
469,391	1
469,399	1
469,40	1
469,409	1
469,415	1
469,417	1
469,420	1
469,433	1
469,454	1
469,455	1
469,458	1
469,469	0
469,470	1
469,472	1
469,473	1
469,48	1
469,487	1
469,491	1
469,492	1
469,497	1
469,68	1
469,75	1
469,80	1
469,83	1
469,84	1
469,86	1
469,98	1
469,99	1
470,1	1
470,100	1
470,101	1
470,103	1
470,119	1
470,121	1
470,122	1
470,125	1
470,126	1
470,127	1
470,128	1
470,136	1
470,138	1
470,139	1
470,141	1
470,143	1
470,146	1
470,155	1
470,168	1
470,170	1
470,172	1
470,178	1
470,181	1
470,184	1
470,186	1
470,190	1
470,196	1
470,209	1
470,222	1
470,226	1
470,230	1
470,236	1
470,237	1
470,238	1
470,243	1
470,244	1
470,246	1
470,250	1
470,254	1
470,258	1
470,261	1
470,267	1
470,273	1
470,288	1
470,29	1
470,304	1
470,316	1
470,32	1
470,324	1
470,327	1
470,329	1
470,333	1
470,339	1
470,348	1
470,350	1
470,354	1
470,356	1
470,365	1
470,370	1
470,383	1
470,391	1
470,399	1
470,40	1
470,409	1
470,415	1
470,417	1
470,420	1
470,433	1
470,454	1
470,455	1
470,458	1
470,469	1
470,470	0
470,472	1
470,473	1
470,48	1
470,487	1
470,491	1
470,492	1
470,497	1
470,68	1
470,75	1
470,80	1
470,83	1
470,84	1
470,86	1
470,98	1
470,99	1
472,1	1
472,100	1
472,101	1
472,103	1
472,119	1
472,121	1
472,122	1
472,125	1
472,126	1
472,127	1
472,128	1
472,136	1
472,138	1
472,139	1
472,141	1
472,143	1
472,146	1
472,155	1
472,168	1
472,170	1
472,172	1
472,178	1
472,181	1
472,184	1
472,186	1
472,190	1
472,196	1
472,209	1
472,222	1
472,226	1
472,230	1
472,236	1
472,237	1
472,238	1
472,243	1
472,244	1
472,246	1
472,250	1
472,254	1
472,258	1
472,261	1
472,267	1
472,273	1
472,288	1
472,29	1
472,304	1
472,316	1
472,32	1
472,324	1
472,327	1
472,329	1
472,333	1
472,339	1
472,348	1
472,350	1
472,354	1
472,356	1
472,365	1
472,370	1
472,383	1
472,391	1
472,399	1
472,40	1
472,409	1
472,415	1
472,417	1
472,420	1
472,433	1
472,454	1
472,455	1
472,458	1
472,469	1
472,470	1
472,472	0
472,473	1
472,48	1
472,487	1
472,491	1
472,492	1
472,497	1
472,68	1
472,75	1
472,80	1
472,83	1
472,84	1
472,86	1
472,98	1
472,99	1
473,1	1
473,100	1
473,101	1
473,103	1
473,119	1
473,121	1
473,122	1
473,125	1
473,126	1
473,127	1
473,128	1
473,136	1
473,138	1
473,139	1
473,141	1
473,143	1
473,146	1
473,155	1
473,168	1
473,170	1
473,172	1
473,178	1
473,181	1
473,184	1
473,186	1
473,190	1
473,196	1
473,209	1
473,222	1
473,226	1
473,230	1
473,236	1
473,237	1
473,238	1
473,243	1
473,244	1
473,246	1
473,250	1
473,254	1
473,258	1
473,261	1
473,267	1
473,273	1
473,288	1
473,29	1
473,304	1
473,316	1
473,32	1
473,324	1
473,327	1
473,329	1
473,333	1
473,339	1
473,348	1
473,350	1
473,354	1
473,356	1
473,365	1
473,370	1
473,383	1
473,391	1
473,399	1
473,40	1
473,409	1
473,415	1
473,417	1
473,420	1
473,433	1
473,454	1
473,455	1
473,458	1
473,469	1
473,470	1
473,472	1
473,473	0
473,48	1
473,487	1
473,491	1
473,492	1
473,497	1
473,68	1
473,75	1
473,80	1
473,83	1
473,84	1
473,86	1
473,98	1
473,99	1
476,1	1
476,112	1
476,113	1
476,155	1
476,183	1
476,207	1
476,228	1
476,239	1
476,240	1
476,241	1
476,333	1
476,34	1
476,345	1
476,347	1
476,383	1
476,387	1
476,389	1
476,456	1
476,466	1
476,476	0
476,478	1
476,481	1
476,495	1
476,498	1
476,6	1
476,89	1
476,94	1
478,1	1
478,112	1
478,113	1
478,153	1
478,155	1
478,183	1
478,207	1
478,221	1
478,227	1
478,228	1
478,239	1
478,240	1
478,241	1
478,242	1
478,256	1
478,270	1
478,333	1
478,34	1
478,345	1
478,347	1
478,357	1
478,37	1
478,383	1
478,387	1
478,389	1
478,456	1
478,466	1
478,476	1
478,478	0
478,481	1
478,495	1
478,498	1
478,6	1
478,69	1
478,89	1
478,94	1
48,1	1
48,100	1
48,101	1
48,103	1
48,119	1
48,121	1
48,122	1
48,125	1
48,126	1
48,127	1
48,128	1
48,136	1
48,138	1
48,139	1
48,141	1
48,143	1
48,146	1
48,155	1
48,168	1
48,170	1
48,172	1
48,178	1
48,181	1
48,184	1
48,186	1
48,190	1
48,196	1
48,209	1
48,222	1
48,226	1
48,230	1
48,236	1
48,237	1
48,238	1
48,243	1
48,244	1
48,246	1
48,250	1
48,254	1
48,258	1
48,261	1
48,267	1
48,273	1
48,288	1
48,29	1
48,304	1
48,316	1
48,32	1
48,324	1
48,327	1
48,329	1
48,333	1
48,339	1
48,348	1
48,350	1
48,354	1
48,356	1
48,365	1
48,370	1
48,383	1
48,391	1
48,399	1
48,40	1
48,409	1
48,415	1
48,417	1
48,420	1
48,433	1
48,454	1
48,455	1
48,458	1
48,469	1
48,470	1
48,472	1
48,473	1
48,48	0
48,487	1
48,491	1
48,492	1
48,497	1
48,68	1
48,75	1
48,80	1
48,83	1
48,84	1
48,86	1
48,98	1
48,99	1
481,1	1
481,112	1
481,113	1
481,155	1
481,183	1
481,207	1
481,228	1
481,239	1
481,240	1
481,241	1
481,333	1
481,34	1
481,345	1
481,347	1
481,383	1
481,387	1
481,389	1
481,456	1
481,466	1
481,476	1
481,478	1
481,481	0
481,495	1
481,498	1
481,6	1
481,89	1
481,94	1
482,101	1
482,102	1
482,321	1
482,404	1
482,482	0
487,1	1
487,100	1
487,101	1
487,103	1
487,119	1
487,121	1
487,122	1
487,125	1
487,126	1
487,127	1
487,128	1
487,136	1
487,138	1
487,139	1
487,141	1
487,143	1
487,146	1
487,155	1
487,168	1
487,170	1
487,172	1
487,178	1
487,181	1
487,184	1
487,186	1
487,190	1
487,196	1
487,209	1
487,222	1
487,226	1
487,230	1
487,236	1
487,237	1
487,238	1
487,243	1
487,244	1
487,246	1
487,250	1
487,254	1
487,258	1
487,261	1
487,267	1
487,273	1
487,288	1
487,29	1
487,304	1
487,316	1
487,32	1
487,324	1
487,327	1
487,329	1
487,333	1
487,339	1
487,348	1
487,350	1
487,354	1
487,356	1
487,365	1
487,370	1
487,383	1
487,391	1
487,399	1
487,40	1
487,409	1
487,415	1
487,417	1
487,420	1
487,433	1
487,454	1
487,455	1
487,458	1
487,469	1
487,470	1
487,472	1
487,473	1
487,48	1
487,487	0
487,491	1
487,492	1
487,497	1
487,68	1
487,75	1
487,80	1
487,83	1
487,84	1
487,86	1
487,98	1
487,99	1
490,102	1
490,108	1
490,139	1
490,196	1
490,201	1
490,223	1
490,226	1
490,230	1
490,280	1
490,298	1
490,3	1
490,310	1
490,320	1
490,330	1
490,339	1
490,34	1
490,355	1
490,357	1
490,365	1
490,366	1
490,371	1
490,385	1
490,406	1
490,427	1
490,490	0
490,5	1
490,62	1
490,77	1
490,79	1
491,1	1
491,100	1
491,101	1
491,103	1
491,119	1
491,121	1
491,122	1
491,125	1
491,126	1
491,127	1
491,128	1
491,136	1
491,138	1
491,139	1
491,141	1
491,143	1
491,146	1
491,155	1
491,168	1
491,170	1
491,172	1
491,178	1
491,181	1
491,184	1
491,186	1
491,190	1
491,196	1
491,209	1
491,222	1
491,226	1
491,230	1
491,236	1
491,237	1
491,238	1
491,243	1
491,244	1
491,246	1
491,250	1
491,254	1
491,258	1
491,261	1
491,267	1
491,273	1
491,288	1
491,29	1
491,304	1
491,316	1
491,32	1
491,324	1
491,327	1
491,329	1
491,333	1
491,339	1
491,348	1
491,350	1
491,354	1
491,356	1
491,365	1
491,370	1
491,383	1
491,391	1
491,399	1
491,40	1
491,409	1
491,415	1
491,417	1
491,420	1
491,433	1
491,454	1
491,455	1
491,458	1
491,469	1
491,470	1
491,472	1
491,473	1
491,48	1
491,487	1
491,491	0
491,492	1
491,497	1
491,68	1
491,75	1
491,80	1
491,83	1
491,84	1
491,86	1
491,98	1
491,99	1
492,1	1
492,100	1
492,101	1
492,103	1
492,119	1
492,121	1
492,122	1
492,125	1
492,126	1
492,127	1
492,128	1
492,136	1
492,138	1
492,139	1
492,141	1
492,143	1
492,146	1
492,155	1
492,168	1
492,170	1
492,172	1
492,178	1
492,181	1
492,184	1
492,186	1
492,190	1
492,196	1
492,209	1
492,222	1
492,226	1
492,230	1
492,236	1
492,237	1
492,238	1
492,243	1
492,244	1
492,246	1
492,250	1
492,254	1
492,258	1
492,261	1
492,267	1
492,273	1
492,288	1
492,29	1
492,304	1
492,316	1
492,32	1
492,324	1
492,327	1
492,329	1
492,333	1
492,339	1
492,348	1
492,350	1
492,354	1
492,356	1
492,365	1
492,370	1
492,383	1
492,391	1
492,399	1
492,40	1
492,409	1
492,415	1
492,417	1
492,420	1
492,433	1
492,454	1
492,455	1
492,458	1
492,469	1
492,470	1
492,472	1
492,473	1
492,48	1
492,487	1
492,491	1
492,492	0
492,497	1
492,68	1
492,75	1
492,80	1
492,83	1
492,84	1
492,86	1
492,98	1
492,99	1
495,1	1
495,112	1
495,113	1
495,155	1
495,183	1
495,207	1
495,228	1
495,239	1
495,240	1
495,241	1
495,333	1
495,34	1
495,345	1
495,347	1
495,383	1
495,387	1
495,389	1
495,456	1
495,466	1
495,476	1
495,478	1
495,481	1
495,495	0
495,498	1
495,6	1
495,89	1
495,94	1
497,1	1
497,100	1
497,101	1
497,103	1
497,119	1
497,121	1
497,122	1
497,125	1
497,126	1
497,127	1
497,128	1
497,136	1
497,138	1
497,139	1
497,141	1
497,143	1
497,146	1
497,155	1
497,168	1
497,170	1
497,172	1
497,178	1
497,181	1
497,184	1
497,186	1
497,190	1
497,196	1
497,209	1
497,222	1
497,226	1
497,230	1
497,236	1
497,237	1
497,238	1
497,243	1
497,244	1
497,246	1
497,250	1
497,254	1
497,258	1
497,261	1
497,267	1
497,273	1
497,288	1
497,29	1
497,304	1
497,316	1
497,32	1
497,324	1
497,327	1
497,329	1
497,333	1
497,339	1
497,348	1
497,350	1
497,354	1
497,356	1
497,365	1
497,370	1
497,383	1
497,391	1
497,399	1
497,40	1
497,409	1
497,415	1
497,417	1
497,420	1
497,433	1
497,454	1
497,455	1
497,458	1
497,469	1
497,470	1
497,472	1
497,473	1
497,48	1
497,487	1
497,491	1
497,492	1
497,497	0
497,68	1
497,75	1
497,80	1
497,83	1
497,84	1
497,86	1
497,98	1
497,99	1
498,1	1
498,112	1
498,113	1
498,155	1
498,183	1
498,207	1
498,228	1
498,239	1
498,240	1
498,241	1
498,333	1
498,34	1
498,345	1
498,347	1
498,383	1
498,387	1
498,389	1
498,456	1
498,466	1
498,476	1
498,478	1
498,481	1
498,495	1
498,498	0
498,6	1
498,89	1
498,94	1
5,102	1
5,108	1
5,139	1
5,196	1
5,201	1
5,223	1
5,226	1
5,230	1
5,280	1
5,298	1
5,3	1
5,310	1
5,320	1
5,330	1
5,339	1
5,34	1
5,355	1
5,357	1
5,365	1
5,366	1
5,371	1
5,385	1
5,406	1
5,427	1
5,490	1
5,5	0
5,62	1
5,77	1
5,79	1
6,1	1
6,112	1
6,113	1
6,155	1
6,183	1
6,207	1
6,228	1
6,239	1
6,240	1
6,241	1
6,333	1
6,34	1
6,345	1
6,347	1
6,383	1
6,387	1
6,389	1
6,456	1
6,466	1
6,476	1
6,478	1
6,481	1
6,495	1
6,498	1
6,6	0
6,89	1
6,94	1
62,102	1
62,108	1
62,139	1
62,196	1
62,201	1
62,223	1
62,226	1
62,230	1
62,280	1
62,298	1
62,3	1
62,310	1
62,320	1
62,330	1
62,339	1
62,34	1
62,355	1
62,357	1
62,365	1
62,366	1
62,371	1
62,385	1
62,406	1
62,427	1
62,490	1
62,5	1
62,62	0
62,77	1
62,79	1
68,1	1
68,100	1
68,101	1
68,103	1
68,119	1
68,121	1
68,122	1
68,125	1
68,126	1
68,127	1
68,128	1
68,136	1
68,138	1
68,139	1
68,141	1
68,143	1
68,146	1
68,155	1
68,168	1
68,170	1
68,172	1
68,178	1
68,181	1
68,184	1
68,186	1
68,190	1
68,196	1
68,209	1
68,222	1
68,226	1
68,230	1
68,236	1
68,237	1
68,238	1
68,243	1
68,244	1
68,246	1
68,250	1
68,254	1
68,258	1
68,261	1
68,267	1
68,273	1
68,288	1
68,29	1
68,304	1
68,316	1
68,32	1
68,324	1
68,327	1
68,329	1
68,333	1
68,339	1
68,348	1
68,350	1
68,354	1
68,356	1
68,365	1
68,370	1
68,383	1
68,391	1
68,399	1
68,40	1
68,409	1
68,415	1
68,417	1
68,420	1
68,433	1
68,454	1
68,455	1
68,458	1
68,469	1
68,470	1
68,472	1
68,473	1
68,48	1
68,487	1
68,491	1
68,492	1
68,497	1
68,68	0
68,75	1
68,80	1
68,83	1
68,84	1
68,86	1
68,98	1
68,99	1
69,153	1
69,221	1
69,227	1
69,242	1
69,256	1
69,270	1
69,357	1
69,37	1
69,478	1
69,69	0
75,1	1
75,100	1
75,101	1
75,103	1
75,119	1
75,121	1
75,122	1
75,125	1
75,126	1
75,127	1
75,128	1
75,136	1
75,138	1
75,139	1
75,141	1
75,143	1
75,146	1
75,155	1
75,168	1
75,170	1
75,172	1
75,178	1
75,181	1
75,184	1
75,186	1
75,190	1
75,196	1
75,209	1
75,222	1
75,226	1
75,230	1
75,236	1
75,237	1
75,238	1
75,243	1
75,244	1
75,246	1
75,250	1
75,254	1
75,258	1
75,261	1
75,267	1
75,273	1
75,288	1
75,29	1
75,304	1
75,316	1
75,32	1
75,324	1
75,327	1
75,329	1
75,333	1
75,339	1
75,348	1
75,350	1
75,354	1
75,356	1
75,365	1
75,370	1
75,383	1
75,391	1
75,399	1
75,40	1
75,409	1
75,415	1
75,417	1
75,420	1
75,433	1
75,454	1
75,455	1
75,458	1
75,469	1
75,470	1
75,472	1
75,473	1
75,48	1
75,487	1
75,491	1
75,492	1
75,497	1
75,68	1
75,75	0
75,80	1
75,83	1
75,84	1
75,86	1
75,98	1
75,99	1
77,102	1
77,108	1
77,139	1
77,196	1
77,201	1
77,223	1
77,226	1
77,230	1
77,280	1
77,298	1
77,3	1
77,310	1
77,320	1
77,330	1
77,339	1
77,34	1
77,355	1
77,357	1
77,365	1
77,366	1
77,371	1
77,385	1
77,406	1
77,427	1
77,490	1
77,5	1
77,62	1
77,77	0
77,79	1
79,102	1
79,108	1
79,139	1
79,196	1
79,201	1
79,223	1
79,226	1
79,230	1
79,280	1
79,298	1
79,3	1
79,310	1
79,320	1
79,330	1
79,339	1
79,34	1
79,355	1
79,357	1
79,365	1
79,366	1
79,371	1
79,385	1
79,406	1
79,427	1
79,490	1
79,5	1
79,62	1
79,77	1
79,79	0
80,1	1
80,100	1
80,101	1
80,103	1
80,119	1
80,121	1
80,122	1
80,125	1
80,126	1
80,127	1
80,128	1
80,136	1
80,138	1
80,139	1
80,141	1
80,143	1
80,146	1
80,155	1
80,168	1
80,170	1
80,172	1
80,178	1
80,181	1
80,184	1
80,186	1
80,190	1
80,196	1
80,209	1
80,222	1
80,226	1
80,230	1
80,236	1
80,237	1
80,238	1
80,243	1
80,244	1
80,246	1
80,250	1
80,254	1
80,258	1
80,261	1
80,267	1
80,273	1
80,288	1
80,29	1
80,304	1
80,316	1
80,32	1
80,324	1
80,327	1
80,329	1
80,333	1
80,339	1
80,348	1
80,350	1
80,354	1
80,356	1
80,365	1
80,370	1
80,383	1
80,391	1
80,399	1
80,40	1
80,409	1
80,415	1
80,417	1
80,420	1
80,433	1
80,454	1
80,455	1
80,458	1
80,469	1
80,470	1
80,472	1
80,473	1
80,48	1
80,487	1
80,491	1
80,492	1
80,497	1
80,68	1
80,75	1
80,80	0
80,83	1
80,84	1
80,86	1
80,98	1
80,99	1
83,1	1
83,100	1
83,101	1
83,103	1
83,119	1
83,121	1
83,122	1
83,125	1
83,126	1
83,127	1
83,128	1
83,136	1
83,138	1
83,139	1
83,141	1
83,143	1
83,146	1
83,155	1
83,168	1
83,170	1
83,172	1
83,178	1
83,181	1
83,184	1
83,186	1
83,190	1
83,196	1
83,209	1
83,222	1
83,226	1
83,230	1
83,236	1
83,237	1
83,238	1
83,243	1
83,244	1
83,246	1
83,250	1
83,254	1
83,258	1
83,261	1
83,267	1
83,273	1
83,288	1
83,29	1
83,304	1
83,316	1
83,32	1
83,324	1
83,327	1
83,329	1
83,333	1
83,339	1
83,348	1
83,350	1
83,354	1
83,356	1
83,365	1
83,370	1
83,383	1
83,391	1
83,399	1
83,40	1
83,409	1
83,415	1
83,417	1
83,420	1
83,433	1
83,454	1
83,455	1
83,458	1
83,469	1
83,470	1
83,472	1
83,473	1
83,48	1
83,487	1
83,491	1
83,492	1
83,497	1
83,68	1
83,75	1
83,80	1
83,83	0
83,84	1
83,86	1
83,98	1
83,99	1
84,1	1
84,100	1
84,101	1
84,103	1
84,119	1
84,121	1
84,122	1
84,125	1
84,126	1
84,127	1
84,128	1
84,136	1
84,138	1
84,139	1
84,141	1
84,143	1
84,146	1
84,155	1
84,168	1
84,170	1
84,172	1
84,178	1
84,181	1
84,184	1
84,186	1
84,190	1
84,196	1
84,209	1
84,222	1
84,226	1
84,230	1
84,236	1
84,237	1
84,238	1
84,243	1
84,244	1
84,246	1
84,250	1
84,254	1
84,258	1
84,261	1
84,267	1
84,273	1
84,288	1
84,29	1
84,304	1
84,316	1
84,32	1
84,324	1
84,327	1
84,329	1
84,333	1
84,339	1
84,348	1
84,350	1
84,354	1
84,356	1
84,365	1
84,370	1
84,383	1
84,391	1
84,399	1
84,40	1
84,409	1
84,415	1
84,417	1
84,420	1
84,433	1
84,454	1
84,455	1
84,458	1
84,469	1
84,470	1
84,472	1
84,473	1
84,48	1
84,487	1
84,491	1
84,492	1
84,497	1
84,68	1
84,75	1
84,80	1
84,83	1
84,84	0
84,86	1
84,98	1
84,99	1
86,1	1
86,100	1
86,101	1
86,103	1
86,119	1
86,121	1
86,122	1
86,125	1
86,126	1
86,127	1
86,128	1
86,136	1
86,138	1
86,139	1
86,141	1
86,143	1
86,146	1
86,155	1
86,168	1
86,170	1
86,172	1
86,178	1
86,181	1
86,184	1
86,186	1
86,190	1
86,196	1
86,209	1
86,222	1
86,226	1
86,230	1
86,236	1
86,237	1
86,238	1
86,243	1
86,244	1
86,246	1
86,250	1
86,254	1
86,258	1
86,261	1
86,267	1
86,273	1
86,288	1
86,29	1
86,304	1
86,316	1
86,32	1
86,324	1
86,327	1
86,329	1
86,333	1
86,339	1
86,348	1
86,350	1
86,354	1
86,356	1
86,365	1
86,370	1
86,383	1
86,391	1
86,399	1
86,40	1
86,409	1
86,415	1
86,417	1
86,420	1
86,433	1
86,454	1
86,455	1
86,458	1
86,469	1
86,470	1
86,472	1
86,473	1
86,48	1
86,487	1
86,491	1
86,492	1
86,497	1
86,68	1
86,75	1
86,80	1
86,83	1
86,84	1
86,86	0
86,98	1
86,99	1
89,1	1
89,112	1
89,113	1
89,155	1
89,183	1
89,207	1
89,228	1
89,239	1
89,240	1
89,241	1
89,333	1
89,34	1
89,345	1
89,347	1
89,383	1
89,387	1
89,389	1
89,456	1
89,466	1
89,476	1
89,478	1
89,481	1
89,495	1
89,498	1
89,6	1
89,89	0
89,94	1
94,1	1
94,112	1
94,113	1
94,155	1
94,183	1
94,207	1
94,228	1
94,239	1
94,240	1
94,241	1
94,333	1
94,34	1
94,345	1
94,347	1
94,383	1
94,387	1
94,389	1
94,456	1
94,466	1
94,476	1
94,478	1
94,481	1
94,495	1
94,498	1
94,6	1
94,89	1
94,94	0
98,1	1
98,100	1
98,101	1
98,103	1
98,119	1
98,121	1
98,122	1
98,125	1
98,126	1
98,127	1
98,128	1
98,136	1
98,138	1
98,139	1
98,141	1
98,143	1
98,146	1
98,155	1
98,168	1
98,170	1
98,172	1
98,178	1
98,181	1
98,184	1
98,186	1
98,190	1
98,196	1
98,209	1
98,222	1
98,226	1
98,230	1
98,236	1
98,237	1
98,238	1
98,243	1
98,244	1
98,246	1
98,250	1
98,254	1
98,258	1
98,261	1
98,267	1
98,273	1
98,288	1
98,29	1
98,304	1
98,316	1
98,32	1
98,324	1
98,327	1
98,329	1
98,333	1
98,339	1
98,348	1
98,350	1
98,354	1
98,356	1
98,365	1
98,370	1
98,383	1
98,391	1
98,399	1
98,40	1
98,409	1
98,415	1
98,417	1
98,420	1
98,433	1
98,454	1
98,455	1
98,458	1
98,469	1
98,470	1
98,472	1
98,473	1
98,48	1
98,487	1
98,491	1
98,492	1
98,497	1
98,68	1
98,75	1
98,80	1
98,83	1
98,84	1
98,86	1
98,98	0
98,99	1
99,1	1
99,100	1
99,101	1
99,103	1
99,119	1
99,121	1
99,122	1
99,125	1
99,126	1
99,127	1
99,128	1
99,136	1
99,138	1
99,139	1
99,141	1
99,143	1
99,146	1
99,155	1
99,168	1
99,170	1
99,172	1
99,178	1
99,181	1
99,184	1
99,186	1
99,190	1
99,196	1
99,209	1
99,222	1
99,226	1
99,230	1
99,236	1
99,237	1
99,238	1
99,243	1
99,244	1
99,246	1
99,250	1
99,254	1
99,258	1
99,261	1
99,267	1
99,273	1
99,288	1
99,29	1
99,304	1
99,316	1
99,32	1
99,324	1
99,327	1
99,329	1
99,333	1
99,339	1
99,348	1
99,350	1
99,354	1
99,356	1
99,365	1
99,370	1
99,383	1
99,391	1
99,399	1
99,40	1
99,409	1
99,415	1
99,417	1
99,420	1
99,433	1
99,454	1
99,455	1
99,458	1
99,469	1
99,470	1
99,472	1
99,473	1
99,48	1
99,487	1
99,491	1
99,492	1
99,497	1
99,68	1
99,75	1
99,80	1
99,83	1
99,84	1
99,86	1
99,98	1
99,99	0
