1	355,3.5|365,0.0|366,0.0|371,4.5|385,0.5|406,0.5|427,3.5|490,2.0|3,1.0|357,1.5|5,4.5|34,4.0|62,2.0|77,2.0|79,2.0|102,3.0|108,0.0|139,0.0|196,1.0|201,4.5|223,4.0|226,3.0|230,0.5|280,2.5|298,0.5|310,3.5|320,0.0|330,3.5|339,3.0
2	101,1.5|482,0.5|404,4.5|321,1.0|102,2.5
3	119,0.0|121,0.5|122,3.0|125,3.5|126,3.0|127,4.0|128,4.5|136,2.0|138,2.0|139,4.0|141,0.0|143,0.5|146,2.0|155,4.5|168,0.5|170,3.5|172,4.0|178,2.5|181,0.5|184,2.0|186,1.0|190,3.5|196,0.0|209,0.0|222,4.0|226,1.0|230,0.5|236,1.5|237,2.0|238,2.0|243,3.0|244,4.0|246,1.0|250,2.0|254,3.5|258,0.5|261,4.0|267,1.0|273,0.0|288,2.0|304,3.5|316,3.5|324,2.0|327,3.0|329,4.0|333,3.0|339,0.5|348,4.5|350,4.5|354,3.5|356,2.0|365,2.5|370,4.0|383,1.5|391,3.5|399,2.5|409,1.5|415,1.5|417,0.5|420,3.5|433,0.5|454,1.0|455,3.5|458,2.0|469,4.0|470,3.5|472,3.5|473,3.0|487,0.0|491,3.5|492,3.5|497,0.5|1,1.5|29,2.0|32,2.5|40,2.5|48,4.5|68,1.5|75,2.5|80,3.0|83,0.0|84,2.0|86,1.0|98,1.5|99,4.0|100,4.0|101,3.0|103,1.0
4	227,3.0|242,3.0|478,3.0|256,1.5|270,0.0|357,0.0|37,0.5|69,4.5|153,2.0|221,4.5
5	155,4.0|1,0.5|6,0.0|34,0.5|89,1.0|94,1.5|112,3.0|478,1.0|481,3.0|495,4.0|498,1.5|113,0.0|476,0.0|466,0.0|456,1.5|389,0.5|387,1.0|383,3.0|347,1.5|345,4.0|333,2.5|241,1.0|240,3.0|239,4.5|228,1.5|207,2.5|183,0.5
6	196,2.0|495,4.0|494,2.0|487,3.5|486,3.0|485,0.0|483,3.5|478,2.5|477,4.0|473,1.0|472,1.5|471,0.0|464,2.0|458,0.5|453,0.0|450,0.0|445,3.5|436,2.0|419,0.0|417,0.5|404,4.0|403,0.0|401,4.0|399,4.0|395,2.0|390,1.5|375,4.0|373,2.0|365,2.5|363,4.0|353,2.5|350,0.5|336,2.5|324,2.5|319,4.0|314,4.0|310,4.0|304,3.0|302,3.5|299,1.0|295,0.5|291,3.0|281,2.5|270,4.5|265,3.5|245,1.5|242,3.0|240,4.5|236,3.0|234,3.0|216,0.0|215,1.0|206,1.0|201,2.0|190,1.5|186,0.5|183,0.0|177,3.0|169,4.5|158,2.0|157,2.5|152,4.5|130,1.0|114,4.5|112,1.5|111,3.5|106,0.5|105,3.0|95,2.0|92,2.0|89,2.0|81,0.0|78,3.0|76,4.5|73,2.0|65,3.5|64,4.5|60,4.0|51,4.0|30,2.0|27,0.0|21,2.0|11,2.0|9,4.0|4,4.5|2,4.5
7	14,3.0|17,4.0|18,2.0|27,1.0|33,2.5|36,1.0|46,1.5|58,1.0|62,0.5|65,2.5|82,2.0|87,1.0|88,2.5|104,2.0|107,3.5|111,2.0|123,2.0|2,3.5|128,2.5|129,1.0|134,0.0|138,0.0|185,3.0|194,4.5|195,3.5|200,1.5|202,0.5|231,3.5|236,0.0|240,2.0|251,1.5|262,4.0|264,0.0|272,0.0|280,3.5|296,4.0|362,0.5|363,2.0|374,2.0|376,1.0|378,0.5|385,0.0|401,3.5|414,0.5|418,0.0|440,4.0|442,2.5|457,4.0|463,4.0|478,0.0|493,3.5|499,2.5
8	96,2.0|2,1.0|3,4.5|7,3.5|12,3.5|19,0.0|22,4.0|23,2.5|25,2.5|32,4.5|33,1.0|45,0.5|49,0.5|73,1.0|81,2.5|90,3.5|93,2.5|95,1.0|97,2.0|111,1.5|126,0.5|130,3.5|133,3.5|138,0.0|141,2.5|145,4.5|163,3.5|164,4.0|165,3.0|170,3.5|180,1.5|188,1.5|211,2.0|218,1.0|233,3.5|235,4.0|248,3.5|253,3.5|260,1.5|265,0.5|295,0.5|304,2.5|309,2.5|315,3.0|318,1.0|319,4.0|324,4.0|331,1.5|347,4.5|351,0.5|353,3.0|358,1.0|367,0.5|379,0.5|390,0.0|400,3.0|408,3.0|409,3.0|426,1.5|427,0.5|441,3.5|462,3.5|465,2.0|467,1.0|479,1.5|484,1.5|493,3.0
9	211,2.0|322,2.5|140,0.5|190,4.0
10	182,4.0|35,4.5|64,2.5|90,3.0|93,3.0|99,2.5|148,4.5|252,1.0|265,1.0|268,4.0|349,1.0|356,2.0|424,1.5|462,2.5|488,3.5|494,4.0
